       -0.0001346398
       -0.0001331991
       -0.0001317647
       -0.0001303478
       -0.0001290116
       -0.0001273619
       -0.0001257097
       -0.0001241807
       -0.0001233537
       -0.0001217825
       -0.0001207890
       -0.0001194481
       -0.0001172126
       -0.0001167904
       -0.0001142720
       -0.0001128021
       -0.0001123550
       -0.0001098534
       -0.0001096551
       -0.0001068953
       -0.0001054090
       -0.0001056346
       -0.0001043049
       -0.0001050110
       -0.0001016609
       -0.0000967716
       -0.0000990316
       -0.0000963445
       -0.0000934693
       -0.0000888050
       -0.0000921473
       -0.0000853702
       -0.0000836427
       -0.0000919929
       -0.0000865665
       -0.0000874240
       -0.0000790175
       -0.0000773732
       -0.0000889092
       -0.0000740651
       -0.0000753196
       -0.0000677080
       -0.0000754596
       -0.0000807357
       -0.0000726928
       -0.0000640461
       -0.0000661473
       -0.0000646103
       -0.0000589823
       -0.0000530323
       -0.0000600065
       -0.0000492945
       -0.0000426561
       -0.0000652261
       -0.0000589394
       -0.0000628313
       -0.0000562036
       -0.0000435505
       -0.0000418211
       -0.0000460916
       -0.0000383449
       -0.0000493787
       -0.0000480147
       -0.0000601774
       -0.0000383263
       -0.0000510787
       -0.0000572910
       -0.0000185235
       -0.0000320875
       -0.0000225438
       -0.0000371522
       -0.0000189954
       -0.0000430264
       -0.0000330865
       -0.0000227030
       -0.0000118777
       -0.0000100982
       -0.0000276856
       -0.0000659154
       -0.0000350876
       -0.0000236453
       -0.0000117132
       -0.0000209509
       -0.0000195991
       -0.0000294791
        0.0000060639
        0.0000078647
        0.0000096761
       -0.0000006988
       -0.0000486946
        0.0000276951
       -0.0000088480
        0.0000056034
       -0.0000061670
       -0.0000183664
        0.0000241543
       -0.0000021456
       -0.0000008066
        0.0000005326
       -0.0000128480
       -0.0000417153
        0.0000197976
       -0.0000095486
        0.0000229568
        0.0000404952
        0.0000584652
        0.0000605170
        0.0000292593
        0.0000308344
        0.0000324156
        0.0000339914
        0.0000531930
        0.0000192664
        0.0000568164
        0.0000586251
        0.0000418635
        0.0000246222
        0.0000450111
        0.0000658646
        0.0000286394
        0.0000299764
        0.0001111682
        0.0000528633
        0.0000339951
       -0.0000059402
       -0.0000258846
       -0.0000041681
        0.0001033241
        0.0000406875
        0.0000203053
       -0.0000445559
        0.0000225454
        0.0000460518
        0.0000247954
        0.0000716257
        0.0000270490
        0.0000747359
        0.0000762898
        0.0000778470
        0.0001272132
        0.0001533200
        0.0000581412
        0.0000594860
        0.0000608378
        0.0001120920
        0.0000886725
        0.0000648700
        0.0001427511
       -0.0000094560
        0.0000171621
        0.0000963685
        0.0000978997
        0.0000729626
        0.0000211061
        0.0001024828
        0.0000501079
        0.0000783709
        0.0000797249
        0.0000810753
        0.0001100969
        0.0001116093
        0.0001131233
        0.0001708268
        0.0000596470
        0.0000892017
        0.0000620606
        0.0000919169
        0.0001798176
        0.0001236489
        0.0000669328
        0.0000973527
        0.0001575450
        0.0001296175
        0.0001607669
        0.0001325800
        0.0000444433
        0.0000455758
        0.0000768470
        0.0001082481
        0.0001399570
        0.0001109711
        0.0000818856
        0.0001443367
        0.0001150636
        0.0000856987
        0.0000869791
        0.0001191486
        0.0000895466
        0.0001530233
        0.0001856819
        0.0001871807
        0.0001886757
        0.0001273330
        0.0001916367
        0.0001300582
        0.0002260565
        0.0001644177
        0.0001025888
        0.0001672316
        0.0001052401
        0.0002652732
        0.0001714281
        0.0001409757
        0.0001105801
        0.0002074657
        0.0001132711
        0.0002102471
        0.0001477861
        0.0002129921
        0.0002143643
        0.0001518708
        0.0001532277
        0.0001865076
        0.0002516091
        0.0001572670
        0.0001905358
        0.0001918649
        0.0001931944
        0.0002264475
        0.0001958434
        0.0002290830
        0.0001984685
        0.0001678489
        0.0001373230
        0.0002023639
        0.0001399146
        0.0001411920
        0.0001743001
        0.0001437593
        0.0002087847
        0.0002419776
        0.0002750691
        0.0002125725
        0.0001500812
        0.0001513288
        0.0001525714
        0.0001856344
        0.0001868752
        0.0002200188
        0.0002531667
        0.0001267700
        0.0001917297
        0.0002567878
        0.0001303897
        0.0002272601
        0.0001327799
        0.0002933850
        0.0001670675
        0.0002319858
        0.0002650833
        0.0002023859
        0.0001397887
        0.0002366172
        0.0002058392
        0.0002708287
        0.0002081172
        0.0002092308
        0.0002103525
        0.0001796399
        0.0003082530
        0.0002455984
        0.0002467003
        0.0002797121
        0.0002488653
        0.0002818685
        0.0002829416
        0.0003158281
        0.0002212124
        0.0002222607
        0.0002233145
        0.0003200250
        0.0001935625
        0.0003540034
        0.0001636723
        0.0002922785
        0.0002294399
        0.0001666833
        0.0002314266
        0.0002005842
        0.0001378121
        0.0002025257
        0.0002991700
        0.0002362680
        0.0002053943
        0.0002381594
        0.0001435219
        0.0002719437
        0.0001453827
        0.0002737908
        0.0003703811
        0.0002118468
        0.0001489944
        0.0002454440
        0.0002145052
        0.0003110450
        0.0002799834
        0.0002808328
        0.0002497579
        0.0001868447
        0.0002833654
        0.0003479350
        0.0002849983
        0.0003814898
        0.0002546943
        0.0001599083
        0.0003519473
        0.0003527257
        0.0002897504
        0.0002905108
        0.0002593422
        0.0002600868
        0.0002927584
        0.0002934881
        0.0003579627
        0.0001992508
        0.0002956384
        0.0002644103
        0.0002970285
        0.0003296357
        0.0002027138
        0.0002671183
        0.0002359608
        0.0002366111
        0.0002053303
        0.0002697093
        0.0002385119
        0.0002072061
        0.0002397464
        0.0002084156
        0.0002727621
        0.0002733336
        0.0002420872
        0.0002426542
        0.0002750419
        0.0003712618
        0.0003080560
        0.0003405076
        0.0002771807
        0.0004052988
        0.0003101319
        0.0003425548
        0.0004067985
        0.0002478483
        0.0003120751
        0.0003125363
        0.0002492364
        0.0001221803
        0.0001544414
        0.0001230391
        0.0004103872
        0.0006020438
        0.0007617689
        0.0004434108
        0.0000293641
       -0.0002252776
       -0.0004161673
       -0.0004476416
        0.0000307714
        0.0006049592
        0.0010515460
        0.0011474370
        0.0009884259
        0.0003193018
       -0.0003816694
       -0.0005089035
       -0.0005086205
       -0.0008271257
       -0.0001256254
        0.0008946114
        0.0014367740
        0.0014369990
        0.0011822240
        0.0000985808
       -0.0011762290
       -0.0013991370
       -0.0004427214
        0.0005456094
        0.0015338420
        0.0023946770
        0.0022035860
       -0.0000913738
       -0.0023543520
       -0.0029599410
       -0.0030873780
       -0.0020353940
        0.0006103764
        0.0034472570
        0.0046905190
        0.0053918260
        0.0032243920
       -0.0007281825
       -0.0019712640
       -0.0014931940
       -0.0015250230
       -0.0001863043
        0.0018856060
        0.0017580820
        0.0009930445
        0.0009929995
       -0.0006646589
       -0.0029915760
       -0.0025454170
       -0.0008242795
        0.0008013185
        0.0021080240
        0.0035423370
        0.0045622270
        0.0030001950
       -0.0012393730
       -0.0035983170
       -0.0036303450
       -0.0020687220
       -0.0004114294
        0.0005765475
        0.0029350730
        0.0049748980
        0.0037634370
        0.0040819240
        0.0049742060
        0.0010533940
       -0.0049394920
       -0.0054498160
       -0.0045576150
       -0.0064385330
       -0.0024864070
        0.0050357930
        0.0084142490
        0.0076809070
        0.0028036650
       -0.0013086490
       -0.0038271130
       -0.0045288020
       -0.0005767617
        0.0067541070
        0.0104831700
        0.0077733980
        0.0022586670
       -0.0024593950
       -0.0054242190
       -0.0034166570
       -0.0039589630
       -0.0041826550
        0.0006937159
        0.0069089260
        0.0093627810
        0.0092029830
        0.0076087630
        0.0020619810
       -0.0002655464
        0.0017101310
        0.0006895854
       -0.0053991750
       -0.0094160500
       -0.0120941900
       -0.0131148900
       -0.0060393350
        0.0043513460
        0.0105345200
        0.0134663800
        0.0160158100
        0.0132739800
        0.0058783190
        0.0002356917
       -0.0016775460
       -0.0059177020
       -0.0064602900
       -0.0038154600
       -0.0041030200
       -0.0052832020
       -0.0090770400
       -0.0110541400
       -0.0080906800
       -0.0011746240
        0.0063790180
        0.0136457000
        0.0185855700
        0.0210073400
        0.0176278600
        0.0085108680
       -0.0008612743
       -0.0098509250
       -0.0205300200
       -0.0259498300
       -0.0186833700
       -0.0068587180
        0.0045198090
        0.0178426100
        0.0286794100
        0.0284555000
        0.0154496300
       -0.0011581810
       -0.0126660800
       -0.0197753500
       -0.0207327100
       -0.0173551100
       -0.0093874570
        0.0009071874
        0.0043487730
       -0.0007522340
       -0.0058533290
        0.0002016889
        0.0157238300
        0.0255084400
        0.0281532900
        0.0226062000
        0.0040857830
       -0.0186740500
       -0.0332104100
       -0.0417542700
       -0.0426481500
       -0.0288159400
       -0.0034764930
        0.0173368700
        0.0304364500
        0.0385953400
        0.0333667600
        0.0222412200
        0.0121994100
        0.0007870257
       -0.0128249600
       -0.0198387500
       -0.0177362700
       -0.0164945100
       -0.0102483400
        0.0057197600
        0.0147073300
        0.0096698240
        0.0081704760
        0.0144166700
        0.0114509400
        0.0025883480
        0.0093763970
        0.0231451000
        0.0189681800
        0.0005750808
       -0.0097220670
       -0.0157797300
       -0.0243556000
       -0.0168665400
        0.0081220150
        0.0311025400
        0.0427356400
        0.0405988400
        0.0289632100
        0.0062988080
       -0.0237291500
       -0.0378194200
       -0.0375979000
       -0.0292164300
       -0.0162447500
       -0.0013926170
        0.0193247400
        0.0312765200
        0.0283106800
        0.0161967800
        0.0046246820
       -0.0037919530
       -0.0122085600
       -0.0104252600
        0.0033750790
        0.0189604900
        0.0209352600
        0.0151005600
        0.0112421800
        0.0092324320
        0.0072227830
       -0.0005882362
       -0.0029486930
        0.0092896140
        0.0172887800
        0.0097965810
       -0.0009150432
       -0.0065586970
       -0.0066879000
       -0.0003465805
        0.0192231300
        0.0429047300
        0.0534855500
        0.0513165800
        0.0331781000
       -0.0059659560
       -0.0307666700
       -0.0215885700
       -0.0010628670
        0.0196860700
        0.0405624900
        0.0491034800
        0.0358738600
        0.0186916100
       -0.0006264139
       -0.0242794400
       -0.0270547200
       -0.0053178420
        0.0086418630
        0.0104569600
        0.0182327500
        0.0147568900
       -0.0149524600
       -0.0365974800
       -0.0275470800
       -0.0137471100
       -0.0043139270
        0.0103468500
        0.0187601900
        0.0156984600
        0.0190434500
        0.0250662300
        0.0170958200
       -0.0012022320
       -0.0234529200
       -0.0421015900
       -0.0529411800
       -0.0529431800
       -0.0450401700
       -0.0327384600
       -0.0137748200
        0.0076433620
        0.0294759400
        0.0401205100
        0.0345407800
        0.0228408900
        0.0092602630
        0.0006203562
       -0.0062985340
       -0.0170423400
       -0.0218255600
       -0.0296049200
       -0.0436320100
       -0.0433472700
       -0.0231087700
        0.0010824450
        0.0111532100
        0.0155500700
        0.0271826200
        0.0305277600
        0.0172979100
        0.0060760240
        0.0005915372
       -0.0089729190
       -0.0197169300
       -0.0199422000
       -0.0091703000
       -0.0067815870
       -0.0101304600
       -0.0020362690
        0.0134531700
        0.0218663000
        0.0146288000
        0.0095268400
        0.0128080600
        0.0079612490
       -0.0115163500
       -0.0336715600
       -0.0390286900
       -0.0375326500
       -0.0299485800
       -0.0052157280
        0.0191031600
        0.0240418000
        0.0227968300
        0.0407403400
        0.0587480100
        0.0473031000
        0.0345512100
        0.0397130600
        0.0290012500
       -0.0129162700
       -0.0286011500
       -0.0106575500
       -0.0188831600
       -0.0342173300
       -0.0135008400
        0.0201572500
        0.0351047600
        0.0411590900
        0.0481379600
        0.0466380000
        0.0308580400
        0.0169904600
        0.0066291500
       -0.0127529000
       -0.0228594100
       -0.0122790500
        0.0008514738
        0.0044195760
       -0.0009373810
       -0.0015451980
        0.0188529400
        0.0429805100
        0.0333206900
       -0.0008511724
       -0.0215402200
       -0.0215423300
       -0.0135437900
       -0.0116012800
       -0.0205283300
       -0.0238136600
       -0.0154963000
        0.0001840326
        0.0191478300
        0.0342226200
        0.0523257800
        0.0829238100
        0.1118335000
        0.1131710000
        0.0781380500
        0.0306109800
       -0.0004376631
       -0.0230386700
       -0.0484134400
       -0.0590935300
       -0.0595739300
       -0.0701582500
       -0.0869903400
       -0.0924750600
       -0.0691131900
       -0.0163621800
        0.0368993300
        0.0616647300
        0.0593684200
        0.0350783300
       -0.0048631530
       -0.0347316400
       -0.0534126000
       -0.0751530900
       -0.0981372500
       -0.0990956700
       -0.0722592900
       -0.0491515700
       -0.0446589900
       -0.0434812800
       -0.0391164000
       -0.0389585700
       -0.0449211200
       -0.0558877000
       -0.0691181000
       -0.0675261500
       -0.0663801300
       -0.0910847800
       -0.1250975000
       -0.1449255000
       -0.1574544000
       -0.1715768000
       -0.1847438000
       -0.1866903000
       -0.1782769000
       -0.1697047000
       -0.1564469000
       -0.1291641000
       -0.1008287000
       -0.0747569500
       -0.0483980100
       -0.0374982700
       -0.0445120800
       -0.0527693200
       -0.0586041500
       -0.0678176700
       -0.0753418500
       -0.0820054600
       -0.0952036500
       -0.1084335000
       -0.1114315000
       -0.1106683000
       -0.1164076000
       -0.1218284000
       -0.1202365000
       -0.1163815000
       -0.1160016000
       -0.1199240000
       -0.1288177000
       -0.1383822000
       -0.1436429000
       -0.1449838000
       -0.1396938000
       -0.1309939000
       -0.1286369000
       -0.1308701000
       -0.1305525000
       -0.1275904000
       -0.1179975000
       -0.0952411200
       -0.0608173700
       -0.0197964800
        0.0214807400
        0.0568918700
        0.0818807900
        0.0942464200
        0.0955842200
        0.1004909000
        0.1218141000
        0.1466110000
        0.1600934000
        0.1703554000
        0.1884270000
        0.2090485000
        0.2190885000
        0.2146563000
        0.2047421000
        0.1999273000
        0.2035607000
        0.2154485000
        0.2310332000
        0.2434312000
        0.2536618000
        0.2642112000
        0.2745372000
        0.2848636000
        0.2897717000
        0.2854358000
        0.2748832000
        0.2564907000
        0.2318819000
        0.2078792000
        0.1854057000
        0.1602238000
        0.1308340000
        0.0985435800
        0.0644352700
        0.0322724900
        0.0066749140
       -0.0084669050
       -0.0109868400
       -0.0054416900
        0.0036729640
        0.0106528000
        0.0037345310
       -0.0235830300
       -0.0605278100
       -0.0881964300
       -0.0983982900
       -0.1002800000
       -0.1076773000
       -0.1204921000
       -0.1315856000
       -0.1364955000
       -0.1308551000
       -0.1175006000
       -0.1100749000
       -0.1147615000
       -0.1214887000
       -0.1188123000
       -0.1081991000
       -0.1016338000
       -0.1057150000
       -0.1149279000
       -0.1229297000
       -0.1262140000
       -0.1242393000
       -0.1267266000
       -0.1389991000
       -0.1501884000
       -0.1528672000
       -0.1521353000
       -0.1525825000
       -0.1530299000
       -0.1503219000
       -0.1454143000
       -0.1434388000
       -0.1431213000
       -0.1385961000
       -0.1311706000
       -0.1241589000
       -0.1196656000
       -0.1193165000
       -0.1189351000
       -0.1144410000
       -0.1063142000
       -0.0994617100
       -0.0951916000
       -0.0932159300
       -0.0940458000
       -0.0943974100
       -0.0926135900
       -0.0911158600
       -0.0934758100
       -0.0980028200
       -0.0993428500
       -0.0947854800
       -0.0853198800
       -0.0756626400
       -0.0670257600
       -0.0560930200
       -0.0427386500
       -0.0294472700
       -0.0174953600
       -0.0057657410
        0.0069830250
        0.0183302400
        0.0264253500
        0.0342662100
        0.0440825200
        0.0535810400
        0.0632061400
        0.0729916100
        0.0820110700
        0.0923071500
        0.1048329000
        0.1186338000
        0.1342195000
        0.1518143000
        0.1675915000
        0.1820941000
        0.1973294000
        0.2121515000
        0.2254106000
        0.2377454000
        0.2499847000
        0.2602804000
        0.2675790000
        0.2724237000
        0.2745906000
        0.2771731000
        0.2793401000
        0.2795620000
        0.2790515000
        0.2784137000
        0.2777121000
        0.2766597000
        0.2749381000
        0.2705076000
        0.2622837000
        0.2486403000
        0.2276985000
        0.2012737000
        0.1742754000
        0.1486153000
        0.1268444000
        0.1124045000
        0.1061566000
        0.1062829000
        0.1097250000
        0.1119556000
        0.1071742000
        0.0947104400
        0.0799202000
        0.0707076600
        0.0673923400
        0.0672321600
        0.0679331600
        0.0664663700
        0.0626091900
        0.0591342300
        0.0567752200
        0.0561691200
        0.0546070600
        0.0508768600
        0.0484859900
        0.0493459800
        0.0523419300
        0.0581425600
        0.0654417600
        0.0716570300
        0.0774580900
        0.0828125500
        0.0845019400
        0.0814416300
        0.0772021600
        0.0731854400
        0.0672885900
        0.0622839600
        0.0587776600
        0.0531030300
        0.0454849500
        0.0382168500
        0.0325111800
        0.0254343200
        0.0162543000
        0.0091456310
        0.0085398550
        0.0110892900
        0.0090175690
       -0.0006410600
       -0.0148572600
       -0.0285003600
       -0.0392103900
       -0.0481361900
       -0.0560094600
       -0.0618429600
       -0.0660824600
       -0.0743067800
       -0.0861006300
       -0.0961736800
       -0.1030589000
       -0.1067572000
       -0.1054506000
       -0.0993947500
       -0.0927013000
       -0.0859443800
       -0.0757765900
       -0.0628356700
       -0.0538470000
       -0.0533692800
       -0.0578318800
       -0.0614338800
       -0.0653545200
       -0.0764155200
       -0.0941062600
       -0.1081954000
       -0.1133596000
       -0.1127548000
       -0.1065716000
       -0.0942998700
       -0.0797653100
       -0.0652625400
       -0.0499309900
       -0.0355555400
       -0.0263438000
       -0.0208296800
       -0.0166860900
       -0.0184074100
       -0.0251969600
       -0.0272055000
       -0.0207671200
       -0.0115236100
       -0.0031088610
        0.0044135530
        0.0113939900
        0.0164619900
        0.0169719800
        0.0134655700
        0.0067398740
       -0.0040023540
       -0.0169437200
       -0.0274632300
       -0.0356235400
       -0.0426361100
       -0.0469076400
       -0.0464935500
       -0.0401188300
       -0.0315447600
       -0.0261580900
       -0.0220784000
       -0.0199430200
       -0.0239595000
       -0.0346059100
       -0.0469100400
       -0.0573971100
       -0.0653662400
       -0.0693828000
       -0.0686503500
       -0.0680132000
       -0.0672164100
       -0.0602043200
       -0.0471359100
       -0.0354381800
       -0.0297646600
       -0.0268324800
       -0.0227846500
       -0.0193743700
       -0.0197571100
       -0.0241879500
       -0.0314558200
       -0.0381498900
       -0.0416884800
       -0.0447168900
       -0.0490525100
       -0.0504554400
       -0.0481606100
       -0.0482885000
       -0.0510301500
       -0.0506162800
       -0.0464091300
       -0.0413095900
       -0.0364650300
       -0.0332779800
       -0.0322900900
       -0.0299955700
       -0.0262347200
       -0.0238126600
       -0.0239405300
       -0.0241641800
       -0.0240689900
       -0.0243245000
       -0.0228586100
       -0.0204047800
       -0.0204689500
       -0.0219994700
       -0.0204699200
       -0.0163267100
       -0.0141596700
       -0.0146702000
       -0.0142881600
       -0.0119937000
       -0.0114841800
       -0.0134290200
       -0.0166489600
       -0.0185620700
       -0.0166502100
       -0.0128576600
       -0.0097662690
       -0.0064199830
       -0.0006511769
        0.0058826350
        0.0100578100
        0.0118102800
        0.0123835400
        0.0098329510
        0.0028198690
       -0.0042251850
       -0.0101226600
       -0.0175502700
       -0.0191447300
       -0.0101885800
       -0.0031448700
       -0.0063011410
       -0.0073218310
        0.0013792890
        0.0121524000
        0.0223197300
        0.0309572900
        0.0326459600
        0.0328048100
        0.0365972300
        0.0319428200
        0.0136141700
       -0.0050017590
       -0.0187088000
       -0.0303759700
       -0.0339150000
       -0.0276367100
       -0.0229838400
       -0.0202114200
       -0.0115423900
       -0.0005781831
        0.0071665780
        0.0152301100
        0.0231342100
        0.0285841700
        0.0355638700
        0.0391967800
        0.0355303900
        0.0323101200
        0.0312892600
        0.0257740500
        0.0175812500
        0.0134684700
        0.0103756300
        0.0020870990
       -0.0063926230
       -0.0097406690
       -0.0108892100
       -0.0087865690
       -0.0018069520
        0.0039614490
        0.0060004480
        0.0093781180
        0.0140627100
        0.0136792100
        0.0072394960
        0.0007996059
       -0.0057676520
       -0.0153314600
       -0.0236201600
       -0.0246094500
       -0.0192874800
       -0.0119893400
       -0.0078785760
       -0.0079434840
       -0.0093471570
       -0.0098583970
       -0.0107521000
       -0.0110083300
       -0.0079495890
       -0.0030740230
       -0.0001108297
        0.0036810840
        0.0097042120
        0.0100218000
       -0.0029843340
       -0.0238638600
       -0.0398663900
       -0.0493347200
       -0.0563486000
       -0.0606850500
       -0.0606865300
       -0.0552056500
       -0.0445290900
       -0.0335016400
       -0.0270324200
       -0.0229220200
       -0.0154966300
       -0.0056167670
        0.0026374480
        0.0083416690
        0.0145877000
        0.0218219100
        0.0264422900
        0.0308077700
        0.0397950800
        0.0499617000
        0.0491317400
        0.0334478800
        0.0144490700
       -0.0049325640
       -0.0326333000
       -0.0607807400
       -0.0815648200
       -0.0983648800
       -0.1079610000
       -0.1106089000
       -0.1129376000
       -0.1066916000
       -0.0883655200
       -0.0703259800
       -0.0557927900
       -0.0457856000
       -0.0408149300
       -0.0314135300
       -0.0154778500
       -0.0040681410
       -0.0003404333
        0.0028135030
        0.0038637500
       -0.0015886060
       -0.0096866040
       -0.0160316800
       -0.0217391200
       -0.0268090500
       -0.0298709200
       -0.0312753000
       -0.0316597000
       -0.0315021300
       -0.0306115300
       -0.0292747200
       -0.0285435600
       -0.0289597200
       -0.0308103800
       -0.0359123100
       -0.0427355200
       -0.0488575000
       -0.0539595300
       -0.0576274300
       -0.0585858100
       -0.0562607200
       -0.0529797700
       -0.0508780500
       -0.0489677100
       -0.0454315200
       -0.0405249400
       -0.0356501900
       -0.0318591700
       -0.0288648800
       -0.0254883200
       -0.0216016100
       -0.0188944600
       -0.0171433200
       -0.0149461700
       -0.0145657700
       -0.0155879500
       -0.0175343000
       -0.0202139600
       -0.0261767500
       -0.0351039900
       -0.0379112100
       -0.0363834700
       -0.0411350400
       -0.0470661500
       -0.0460802500
       -0.0433094300
       -0.0429291900
       -0.0420710000
       -0.0399694500
       -0.0388561400
       -0.0395916800
       -0.0412834100
       -0.0427199600
       -0.0440929600
       -0.0464540000
       -0.0485921800
       -0.0498694300
       -0.0531231800
       -0.0569187600
       -0.0548814300
       -0.0481899200
       -0.0404150800
       -0.0324805700
       -0.0264587500
       -0.0219029400
       -0.0158811700
       -0.0084247210
       -0.0007773265
        0.0064561420
        0.0128603300
        0.0179900100
        0.0211429400
        0.0237863100
        0.0285011400
        0.0337582200
        0.0367518300
        0.0377694300
        0.0390099400
        0.0405056900
        0.0402162200
        0.0379187900
        0.0366729100
        0.0377225200
        0.0402378600
        0.0441877700
        0.0503687500
        0.0575063500
        0.0633367900
        0.0680198700
        0.0730853100
        0.0772267800
        0.0799653100
        0.0839469900
        0.0886937000
        0.0926118900
        0.0957648900
        0.0991411200
        0.1003178000
        0.0974469800
        0.0918662400
        0.0857432100
        0.0803217500
        0.0769721500
        0.0759175900
        0.0769666200
        0.0814263500
        0.0888188200
        0.0966573800
        0.1022965000
        0.1046844000
        0.1063075000
        0.1086955000
        0.1089796000
        0.1050564000
        0.0992847000
        0.0926839300
        0.0846802700
        0.0761351400
        0.0680041500
        0.0601921800
        0.0538780000
        0.0490621500
        0.0450750300
        0.0413110600
        0.0384073900
        0.0385003400
        0.0407605900
        0.0410129200
        0.0380138100
        0.0341542800
        0.0321433800
        0.0314713200
        0.0304482200
        0.0289155200
        0.0262669200
        0.0229492100
        0.0195674900
        0.0187360000
        0.0198806100
        0.0201648100
        0.0185681000
        0.0162066400
        0.0155980200
        0.0179859800
        0.0191943300
        0.0150479600
        0.0069168750
       -0.0017240010
       -0.0090263250
       -0.0146709500
       -0.0198057900
       -0.0242391900
       -0.0293102300
       -0.0361341800
       -0.0447435300
       -0.0528425600
       -0.0596986700
       -0.0650245600
       -0.0699045900
       -0.0745930400
       -0.0768592700
       -0.0758421900
       -0.0736460800
       -0.0725334200
       -0.0706235100
       -0.0684589200
       -0.0679199100
       -0.0666478700
       -0.0635588600
       -0.0596411500
       -0.0555323100
       -0.0509452500
       -0.0472185300
       -0.0445121400
       -0.0428574900
       -0.0421591800
       -0.0410144900
       -0.0389455100
       -0.0371634400
       -0.0365926300
       -0.0376153200
       -0.0385427200
       -0.0381630600
       -0.0363491700
       -0.0327182200
       -0.0270794200
       -0.0200378300
       -0.0129645700
       -0.0064647800
        0.0000984868
        0.0074907840
        0.0154247700
        0.0230721200
        0.0285198600
        0.0308124300
        0.0306820900
        0.0295954000
        0.0296244800
        0.0303867300
        0.0307663900
        0.0311779100
        0.0319082800
        0.0318736700
        0.0310102900
        0.0300512000
        0.0292196800
        0.0274000200
        0.0239229400
        0.0193619700
        0.0151836300
        0.0118658700
        0.0098548800
        0.0093420400
        0.0100086700
        0.0112489600
        0.0120431000
        0.0128691000
        0.0144281500
        0.0166567100
        0.0179290000
        0.0166512600
        0.0126961000
        0.0074658710
        0.0031281440
       -0.0001576812
       -0.0052604960
       -0.0115108200
       -0.0144779800
       -0.0130463600
       -0.0096704360
       -0.0048281340
        0.0010660000
        0.0064502750
        0.0110055800
        0.0157524200
        0.0208815000
        0.0259470500
        0.0299286600
        0.0327948600
        0.0361709000
        0.0404077400
        0.0454413100
        0.0507302000
        0.0563056400
        0.0623273600
        0.0677753700
        0.0708329200
        0.0723923300
        0.0743978700
        0.0754154200
        0.0720343900
        0.0638082400
        0.0531274900
        0.0423193500
        0.0338699100
        0.0312216300
        0.0342152400
        0.0403646300
        0.0466417200
        0.0507193200
        0.0527884700
        0.0539336200
        0.0522417200
        0.0450676400
        0.0345463000
        0.0244395300
        0.0180619500
        0.0165932800
        0.0173876100
        0.0186920800
        0.0219727500
        0.0250942500
        0.0241036400
        0.0198621100
        0.0140902800
        0.0062149910
       -0.0037326150
       -0.0138391800
       -0.0228942300
       -0.0304828000
       -0.0344697600
       -0.0331652000
       -0.0288327400
       -0.0251057000
       -0.0229405300
       -0.0213490300
       -0.0188651700
       -0.0159029400
       -0.0140246800
       -0.0134530900
       -0.0136466700
       -0.0146368700
       -0.0175397600
       -0.0225461600
       -0.0286684400
       -0.0356511900
       -0.0430484600
       -0.0506368100
       -0.0577154900
       -0.0635189100
       -0.0681429200
       -0.0713645300
       -0.0732793800
       -0.0736003200
       -0.0728055800
       -0.0722339800
       -0.0726826400
       -0.0735135600
       -0.0738342400
       -0.0728801700
       -0.0706510700
       -0.0680394600
       -0.0661289700
       -0.0656848500
       -0.0653045400
       -0.0638723700
       -0.0608143000
       -0.0568002100
       -0.0518615900
       -0.0456799600
       -0.0394343900
       -0.0339539300
       -0.0300672500
       -0.0279974400
       -0.0271064900
       -0.0260247800
       -0.0232533800
       -0.0193029200
       -0.0146509000
       -0.0101266700
       -0.0057616000
        0.0000377356
        0.0085147670
        0.0181708400
        0.0278592000
        0.0366229600
        0.0446218800
        0.0523656800
        0.0582930400
        0.0603950400
        0.0589587800
        0.0566939600
        0.0548754200
        0.0522281300
        0.0479870000
        0.0453397100
        0.0458481400
        0.0462927300
        0.0432310100
        0.0394362000
        0.0383827600
        0.0374567500
        0.0325783100
        0.0256917100
        0.0225026300
        0.0237122400
        0.0261648400
        0.0283307500
        0.0312616800
        0.0360095200
        0.0425104400
        0.0484695300
        0.0517513400
        0.0515586800
        0.0495808400
        0.0460094700
        0.0407486000
        0.0339579000
        0.0280913500
        0.0256992800
        0.0255066000
        0.0255690100
        0.0250893800
        0.0248968000
        0.0257241200
        0.0258503700
        0.0226295300
        0.0171139900
        0.0130006700
        0.0099713830
        0.0056030250
        0.0000556231
       -0.0059702200
       -0.0129838600
       -0.0212090400
       -0.0297526700
       -0.0383605700
       -0.0473186000
       -0.0566272700
       -0.0653941200
       -0.0734917600
       -0.0802823000
       -0.0852560800
       -0.0891779800
       -0.0921757200
       -0.0932288200
       -0.0918593500
       -0.0876849900
       -0.0818850000
       -0.0753200600
       -0.0670655800
       -0.0562612200
       -0.0429386500
       -0.0295205200
       -0.0179188600
       -0.0100150000
       -0.0042464810
        0.0008205876
        0.0056646680
        0.0089786190
        0.0112727500
        0.0132797900
        0.0150001200
        0.0163060500
        0.0171020000
        0.0171967300
        0.0162714200
        0.0150274100
        0.0146440800
        0.0151531700
        0.0147378000
        0.0126332000
        0.0096680030
        0.0067664880
        0.0038012930
        0.0000710558
       -0.0041373240
       -0.0078675730
       -0.0111834400
       -0.0147860700
       -0.0184844400
       -0.0206209500
       -0.0209723700
       -0.0203994500
       -0.0192847500
       -0.0176280500
       -0.0159393200
       -0.0147288200
       -0.0140602300
       -0.0139653000
       -0.0139341700
       -0.0135842200
       -0.0136168500
       -0.0154981200
       -0.0177300300
       -0.0186551700
       -0.0177633800
       -0.0168078100
       -0.0168402800
       -0.0173191100
       -0.0173198400
       -0.0165555000
       -0.0157272400
       -0.0162378500
       -0.0174177500
       -0.0181196200
       -0.0189808300
       -0.0197782500
       -0.0197150900
       -0.0194926100
       -0.0197161600
       -0.0198442500
       -0.0195897600
       -0.0194628400
       -0.0184752500
       -0.0172645400
       -0.0175518600
       -0.0186043400
       -0.0189553000
       -0.0182865200
       -0.0169800400
       -0.0154187500
       -0.0134747200
       -0.0116583900
       -0.0104156100
       -0.0097467810
       -0.0090458820
       -0.0079626040
       -0.0068791950
       -0.0062739860
       -0.0058600020
       -0.0049360290
       -0.0030876060
       -0.0009523697
        0.0015016600
        0.0033181660
        0.0048479020
        0.0071424930
        0.0094052970
        0.0109668500
        0.0117316400
        0.0112850400
        0.0103603500
        0.0093719300
        0.0088616960
        0.0094988400
        0.0110286000
        0.0130682600
        0.0150443700
        0.0172753000
        0.0195381100
        0.0216735000
        0.0234901900
        0.0250199300
        0.0253704300
        0.0248282800
        0.0240951000
        0.0229791900
        0.0217359100
        0.0206519300
        0.0200780400
        0.0200458800
        0.0215757100
        0.0244442300
        0.0275362000
        0.0304047600
        0.0322850600
        0.0334005700
        0.0336872900
        0.0340058900
        0.0351214300
        0.0358225600
        0.0351850400
        0.0333999500
        0.0315828300
        0.0301164800
        0.0290645700
        0.0284588000
        0.0288411700
        0.0296380000
        0.0300205300
        0.0293192200
        0.0279802800
        0.0268008100
        0.0260357300
        0.0253981900
        0.0246968500
        0.0235812600
        0.0220512400
        0.0200749800
        0.0175248500
        0.0152298300
        0.0134447700
        0.0119784900
        0.0109264800
        0.0099702270
        0.0087908850
        0.0067827000
        0.0042325950
        0.0020332600
        0.0007900133
       -0.0005168219
       -0.0020469730
       -0.0040550520
       -0.0056807960
       -0.0070195740
       -0.0077526850
       -0.0079758950
       -0.0081352610
       -0.0079759740
       -0.0072110070
       -0.0054578570
       -0.0030672900
       -0.0016010420
       -0.0013140900
       -0.0017603340
       -0.0019197380
       -0.0028122190
       -0.0052665160
       -0.0084540180
       -0.0111634800
       -0.0124385500
       -0.0126935500
       -0.0115461300
       -0.0091236360
       -0.0060637040
       -0.0030992300
        0.0000244692
        0.0036902570
        0.0078658100
        0.0114040200
        0.0139539900
        0.0162171600
        0.0177790800
        0.0183209600
        0.0185121900
        0.0191498000
        0.0190860300
        0.0187354700
        0.0187672700
        0.0191180100
        0.0200742200
        0.0224330000
        0.0263854500
        0.0304974500
        0.0339399300
        0.0367130700
        0.0395498600
        0.0423231400
        0.0449368800
        0.0471999900
        0.0489212500
        0.0506108400
        0.0522683700
        0.0532883100
        0.0535433500
        0.0533202600
        0.0534477900
        0.0539897400
        0.0548503100
        0.0561256100
        0.0574643800
        0.0586435400
        0.0603010800
        0.0627235800
        0.0653692200
        0.0673135700
        0.0677279600
        0.0669630900
        0.0657838700
        0.0648274300
        0.0630425400
        0.0605243400
        0.0582931900
        0.0566355800
        0.0557751100
        0.0538945400
        0.0510259000
        0.0484756000
        0.0466588800
        0.0441725400
        0.0405707400
        0.0369367900
        0.0350881400
        0.0341955500
        0.0324425800
        0.0299561000
        0.0270237300
        0.0241866400
        0.0216686800
        0.0191184800
        0.0159948700
        0.0117234800
        0.0058585820
       -0.0007079732
       -0.0061267170
       -0.0112588200
       -0.0175062100
       -0.0248059000
       -0.0322645600
       -0.0391180100
       -0.0464811300
       -0.0548006800
       -0.0633431700
       -0.0709617800
       -0.0761574200
       -0.0787077500
       -0.0797597900
       -0.0812266300
       -0.0832985700
       -0.0853705400
       -0.0871874800
       -0.0884947700
       -0.0890368000
       -0.0887502000
       -0.0877303800
       -0.0860414300
       -0.0842566600
       -0.0825674300
       -0.0812607500
       -0.0801773500
       -0.0791576000
       -0.0783610500
       -0.0772138400
       -0.0750787700
       -0.0720828400
       -0.0688952500
       -0.0657400000
       -0.0622340000
       -0.0587599200
       -0.0559232500
       -0.0530866900
       -0.0498039400
       -0.0467123700
       -0.0442900100
       -0.0421229200
       -0.0385213700
       -0.0351110700
       -0.0344419900
       -0.0322430300
       -0.0259003300
       -0.0192388300
       -0.0138840100
       -0.0080194420
       -0.0014852540
        0.0039968550
        0.0087459480
        0.0129212500
        0.0161403800
        0.0179250500
        0.0178609900
        0.0173188200
        0.0166491100
        0.0143856800
        0.0111978300
        0.0088705020
        0.0071488980
        0.0053953940
        0.0044386470
        0.0046294570
        0.0054895880
        0.0053616630
        0.0049786960
        0.0048189340
        0.0047227880
        0.0038936160
        0.0020443730
       -0.0010798000
       -0.0049053160
       -0.0096552160
       -0.0138951000
       -0.0168281100
       -0.0181037400
       -0.0197617700
       -0.0225673000
       -0.0248310400
       -0.0260428900
       -0.0274778200
       -0.0286259300
       -0.0278297400
       -0.0242285200
       -0.0197028700
       -0.0167071600
       -0.0161021800
       -0.0159753100
       -0.0144777500
       -0.0134583600
       -0.0137777200
       -0.0150215800
       -0.0163609700
       -0.0176046400
       -0.0182747400
       -0.0179566500
       -0.0187860400
       -0.0229942100
       -0.0286686500
       -0.0318250600
       -0.0308377600
       -0.0283202500
       -0.0281616500
       -0.0301386600
       -0.0311275200
       -0.0304907900
       -0.0298540700
       -0.0298868700
       -0.0296007700
       -0.0278483900
       -0.0250760600
       -0.0227818300
       -0.0216670900
       -0.0210941000
       -0.0198517800
       -0.0181313800
       -0.0164747300
       -0.0156149200
       -0.0151057800
       -0.0145966300
       -0.0141830600
       -0.0144708300
       -0.0152685300
       -0.0160664100
       -0.0164498300
       -0.0168649400
       -0.0181090400
       -0.0197036800
       -0.0209796400
       -0.0212036100
       -0.0214915000
       -0.0226080500
       -0.0234059800
       -0.0228331300
       -0.0213679200
       -0.0201256900
       -0.0195849100
       -0.0183746200
       -0.0159212400
       -0.0131809900
       -0.0119070100
       -0.0118441800
       -0.0118771600
       -0.0116868800
       -0.0119110200
       -0.0133782500
       -0.0155468400
       -0.0172691700
       -0.0178122400
       -0.0172713300
       -0.0164119200
       -0.0150742500
       -0.0131947500
       -0.0103908200
       -0.0073001600
       -0.0044324500
       -0.0027123360
       -0.0019164530
       -0.0022045180
       -0.0037355960
       -0.0057130240
       -0.0069253810
       -0.0076278330
       -0.0086170480
       -0.0105626800
       -0.0118706700
       -0.0116807000
       -0.0106618800
       -0.0099938390
       -0.0074450400
       -0.0034618910
       -0.0012317710
       -0.0011373580
       -0.0004372862
        0.0006770071
        0.0015683360
        0.0014077420
        0.0004183729
       -0.0008579383
       -0.0016241680
       -0.0024224250
       -0.0031886780
       -0.0030943710
       -0.0022350590
       -0.0012482540
       -0.0002932551
        0.0007891122
        0.0028916610
        0.0049302970
        0.0057258870
        0.0065850800
        0.0074762840
        0.0078255650
        0.0076967450
        0.0068346710
        0.0055902790
        0.0050151080
        0.0050775030
        0.0051078920
        0.0054252980
        0.0058382790
        0.0065699850
        0.0073017070
        0.0078103750
        0.0082869850
        0.0085405690
        0.0093997720
        0.0104183900
        0.0104487500
        0.0093955080
        0.0085652620
        0.0085319400
        0.0088811100
        0.0094534060
        0.0107268800
        0.0119048000
        0.0127002100
        0.0129856000
        0.0128885000
        0.0129189300
        0.0130768200
        0.0134258600
        0.0141893100
        0.0152715900
        0.0161944600
        0.0169897900
        0.0176894700
        0.0182937000
        0.0189296300
        0.0195655900
        0.0203290100
        0.0210925200
        0.0220790200
        0.0231294200
        0.0244665800
        0.0255807400
        0.0267585800
        0.0276494600
        0.0280303800
        0.0280926100
        0.0273897800
        0.0259537900
        0.0242628800
        0.0219663800
        0.0203710000
        0.0196043800
        0.0195708300
        0.0198880200
        0.0200458200
        0.0205223200
        0.0213494400
        0.0222724200
        0.0228126200
        0.0230021300
        0.0232874100
        0.0239233100
        0.0247504100
        0.0259918500
        0.0269146300
        0.0274230800
        0.0276127000
        0.0274515800
        0.0271631300
        0.0269702700
        0.0270961300
        0.0275088000
        0.0280490800
        0.0283981300
        0.0280777300
        0.0276297400
        0.0271818400
        0.0269889600
        0.0267960800
        0.0265393900
        0.0259002500
        0.0246874000
        0.0235064300
        0.0228034600
        0.0223873900
        0.0216526600
        0.0206628400
        0.0198643400
        0.0191932500
        0.0185541700
        0.0181381700
        0.0181682300
        0.0189315400
        0.0199180400
        0.0208088700
        0.0215084400
        0.0219530200
        0.0218876500
        0.0218222300
        0.0219480100
        0.0227431600
        0.0238571800
        0.0250030300
        0.0250969300
        0.0244259500
        0.0238506200
        0.0237214500
        0.0238472000
        0.0236223600
        0.0234613700
        0.0229815500
        0.0222467800
        0.0222769300
        0.0233590700
        0.0247599100
        0.0258738700
        0.0268922300
        0.0276874400
        0.0275264800
        0.0270786000
        0.0270132100
        0.0273304800
        0.0276794400
        0.0278369900
        0.0281221900
        0.0280249300
        0.0271626400
        0.0263641000
        0.0260118000
        0.0265201800
        0.0273473100
        0.0284612500
        0.0296071500
        0.0304980200
        0.0313570100
        0.0319290900
        0.0323100200
        0.0330734800
        0.0331356800
        0.0321458300
        0.0309648700
        0.0293057300
        0.0275511300
        0.0257962600
        0.0235316700
        0.0209481300
        0.0190022700
        0.0181398800
        0.0181702800
        0.0181049000
        0.0174021500
        0.0164123300
        0.0150402600
        0.0140824400
        0.0132202800
        0.0121667400
        0.0101571000
        0.0079879670
        0.0056596830
        0.0031398600
        0.0004609030
       -0.0020269820
       -0.0036859560
       -0.0049307560
       -0.0057609710
       -0.0064000820
       -0.0068158640
       -0.0070087070
       -0.0070420770
       -0.0071074290
       -0.0073001110
       -0.0077159780
       -0.0082273970
       -0.0092171340
       -0.0104935300
       -0.0120569000
       -0.0137477300
       -0.0153111200
       -0.0169062700
       -0.0185015300
       -0.0200648500
       -0.0214051500
       -0.0222033800
       -0.0224599000
       -0.0223975400
       -0.0222079000
       -0.0220817700
       -0.0223381300
       -0.0226582400
       -0.0223728800
       -0.0220554700
       -0.0220568800
       -0.0222813000
       -0.0224740100
       -0.0227940800
       -0.0232736200
       -0.0240080100
       -0.0246469300
       -0.0252539200
       -0.0256377900
       -0.0255753400
       -0.0252261300
       -0.0250361600
       -0.0249418600
       -0.0246881200
       -0.0241475600
       -0.0232244800
       -0.0227475900
       -0.0232269900
       -0.0241846000
       -0.0246001500
       -0.0249520600
       -0.0256863500
       -0.0265801500
       -0.0271870400
       -0.0282401200
       -0.0292613200
       -0.0298683700
       -0.0300288800
       -0.0299344000
       -0.0298718100
       -0.0295860900
       -0.0299697500
       -0.0306403200
       -0.0312789700
       -0.0312164500
       -0.0301975900
       -0.0291149200
       -0.0287653600
       -0.0285752500
       -0.0284488400
       -0.0281311800
       -0.0283872500
       -0.0291853600
       -0.0296007500
       -0.0291236600
       -0.0290927900
       -0.0296676000
       -0.0302743100
       -0.0306578300
       -0.0302444500
       -0.0288112000
       -0.0273140300
       -0.0260718900
       -0.0247978800
       -0.0234919400
       -0.0226323100
       -0.0225375900
       -0.0233991900
       -0.0243883700
       -0.0251862100
       -0.0264619200
       -0.0293633800
       -0.0333486700
       -0.0368876400
       -0.0389603900
       -0.0397900400
       -0.0396315400
       -0.0387718500
       -0.0369238300
       -0.0346615300
       -0.0317617700
       -0.0289894300
       -0.0268226600
       -0.0251979000
       -0.0236367700
       -0.0223625400
       -0.0218213500
       -0.0220771200
       -0.0226515600
       -0.0228116400
       -0.0227485400
       -0.0225580200
       -0.0220169000
       -0.0210294300
       -0.0195319500
       -0.0181301400
       -0.0169195000
       -0.0159001700
       -0.0151038000
       -0.0143713600
       -0.0143082100
       -0.0148825800
       -0.0158073700
       -0.0166686600
       -0.0169241700
       -0.0163828300
       -0.0156502200
       -0.0148220500
       -0.0139300200
       -0.0125918200
       -0.0109984800
       -0.0096602490
       -0.0084174960
       -0.0072067300
       -0.0058683520
       -0.0045938080
       -0.0040841560
       -0.0047220740
       -0.0056468390
       -0.0055197540
       -0.0048506440
       -0.0045960250
       -0.0047557380
       -0.0045966750
       -0.0038638780
       -0.0028122860
       -0.0022706930
       -0.0021753210
       -0.0022074650
       -0.0023033130
       -0.0027179320
       -0.0033556820
       -0.0040571160
       -0.0050454250
       -0.0061293160
       -0.0067352070
       -0.0073409110
       -0.0075323650
       -0.0064168870
       -0.0049826340
       -0.0040583810
       -0.0041860090
       -0.0046323020
       -0.0045367500
       -0.0036762000
       -0.0024331280
       -0.0010624360
       -0.0000744324
        0.0005950535
        0.0011050130
        0.0016150690
        0.0018700570
        0.0016151520
        0.0017744660
        0.0028902510
        0.0048345960
        0.0064285200
        0.0076398330
        0.0085644310
        0.0090107660
        0.0089790640
        0.0096804090
        0.0111150700
        0.0125177100
        0.0131555500
        0.0134425400
        0.0143034200
        0.0156423600
        0.0178419900
        0.0207109500
        0.0235482200
        0.0258753000
        0.0274376700
        0.0287129700
        0.0294783100
        0.0298292100
        0.0299890900
        0.0305312800
        0.0316154600
        0.0326040200
        0.0331783700
        0.0334018800
        0.0336572600
        0.0337533900
        0.0332120000
        0.0325431800
        0.0320017600
        0.0315879400
        0.0313654000
        0.0313978700
        0.0318127100
        0.0324507800
        0.0330571200
        0.0337270500
        0.0340464700
        0.0339196300
        0.0333787100
        0.0327418900
        0.0323278900
        0.0317867700
        0.0310862000
        0.0305131800
        0.0301631700
        0.0296221200
        0.0288579200
        0.0279342900
        0.0270744100
        0.0266608100
        0.0264066200
        0.0259612300
        0.0251652100
        0.0244011000
        0.0239238600
        0.0227454700
        0.0211525100
        0.0190497200
        0.0167556100
        0.0145890800
        0.0127730500
        0.0113397300
        0.0098744390
        0.0083772910
        0.0076132180
        0.0069130350
        0.0059259620
        0.0043013880
        0.0022623950
        0.0006060078
       -0.0009547723
       -0.0026430620
       -0.0044589300
       -0.0056690330
       -0.0061460180
       -0.0066867590
       -0.0074506330
       -0.0086606780
       -0.0095201190
       -0.0102838900
       -0.0104421200
       -0.0102177000
       -0.0100252400
       -0.0098008840
       -0.0101821300
       -0.0112326400
       -0.0126020700
       -0.0136207600
       -0.0144481700
       -0.0154030800
       -0.0160073400
       -0.0163885000
       -0.0157815600
       -0.0143457800
       -0.0121769200
       -0.0094342720
       -0.0066915700
       -0.0037258080
       -0.0013973900
       -0.0000252249
        0.0006456214
        0.0006153146
        0.0002343576
       -0.0009753433
       -0.0025994820
       -0.0036498590
       -0.0040308040
       -0.0043160570
       -0.0045694660
       -0.0043766300
       -0.0032912730
       -0.0016321550
        0.0000270042
        0.0016861530
        0.0031540970
        0.0046857860
        0.0055800100
        0.0058049150
        0.0051691810
        0.0042784350
        0.0030051830
        0.0012857040
       -0.0008162740
       -0.0024721100
       -0.0031078300
       -0.0025003750
       -0.0013510620
        0.0004994943
        0.0029557800
        0.0051251240
        0.0067526180
        0.0078064340
        0.0083501920
        0.0083840330
        0.0079397720
        0.0075910250
        0.0077204430
        0.0081048960
        0.0085531330
        0.0090970340
        0.0099277840
        0.0111728500
        0.0124181100
        0.0128026600
        0.0128046900
        0.0131892600
        0.0135738600
        0.0135440400
        0.0130361400
        0.0121457800
        0.0107136200
        0.0093450780
        0.0080721740
        0.0071499890
        0.0066739750
        0.0063255630
        0.0067420540
        0.0077324080
        0.0087864670
        0.0095856120
        0.0105440800
        0.0120125600
        0.0131304500
        0.0135152300
        0.0137087900
        0.0139342700
        0.0139367200
        0.0134608900
        0.0127299800
        0.0124773100
        0.0127983700
        0.0133425500
        0.0139186300
        0.0148454300
        0.0161546500
        0.0174002500
        0.0181038600
        0.0182975400
        0.0179812300
        0.0171549600
        0.0162329500
        0.0153111000
        0.0142616800
        0.0133079300
        0.0124178500
        0.0116872800
        0.0113710200
        0.0111503800
        0.0112485400
        0.0113148400
        0.0115086500
        0.0117024700
        0.0120555600
        0.0123769200
        0.0127939200
        0.0131790400
        0.0134046900
        0.0137580000
        0.0139519300
        0.0139546000
        0.0136383900
        0.0133860900
        0.0130062200
        0.0124989300
        0.0119915600
        0.0116117800
        0.0111682100
        0.0105972100
        0.0099941850
        0.0093276100
        0.0090115620
        0.0089824130
        0.0087938680
        0.0081273470
        0.0073650980
        0.0068579100
        0.0066374450
        0.0059709540
        0.0051130330
        0.0045421280
        0.0042898920
        0.0037509310
        0.0027018050
        0.0019396740
        0.0017831350
        0.0015947730
        0.0011194190
        0.0005167379
        0.0006470641
        0.0010643030
        0.0016409200
        0.0019307940
        0.0022523860
        0.0024465920
        0.0022262920
        0.0016874500
        0.0005746647
       -0.0009204183
       -0.0022244450
       -0.0033371220
       -0.0046092100
       -0.0060087070
       -0.0071532920
       -0.0078833640
       -0.0081354280
       -0.0079411580
       -0.0077469790
       -0.0076164410
       -0.0076453780
       -0.0073554150
       -0.0069699270
       -0.0068712900
       -0.0072826110
       -0.0075982900
       -0.0078502880
       -0.0081022130
       -0.0086729190
       -0.0093073400
       -0.0095275010
       -0.0091737350
       -0.0085013650
       -0.0079563340
       -0.0075070480
       -0.0071851650
       -0.0068952380
       -0.0071471020
       -0.0077815160
       -0.0083521140
       -0.0090820850
       -0.0097164340
       -0.0103827700
       -0.0111764400
       -0.0124802300
       -0.0135608300
       -0.0140677300
       -0.0143513900
       -0.0144120100
       -0.0146957600
       -0.0144376900
       -0.0137332500
       -0.0131563100
       -0.0125793900
       -0.0118749800
       -0.0108836000
       -0.0099241740
       -0.0091878930
       -0.0087065490
       -0.0081295810
       -0.0075208040
       -0.0069438240
       -0.0067812000
       -0.0072879490
       -0.0083047490
       -0.0091940050
       -0.0098283660
       -0.0103032800
       -0.0107462600
       -0.0110617600
       -0.0116003700
       -0.0119796000
       -0.0122313600
       -0.0122600300
       -0.0123843200
       -0.0128591200
       -0.0134615300
       -0.0140638300
       -0.0147300300
       -0.0158423200
       -0.0173053200
       -0.0182583100
       -0.0190201200
       -0.0196543400
       -0.0201610300
       -0.0201259400
       -0.0197720200
       -0.0191631700
       -0.0183948900
       -0.0174034400
       -0.0162527000
       -0.0150700900
       -0.0141423500
       -0.0134378100
       -0.0131795200
       -0.0133674700
       -0.0134279400
       -0.0136478100
       -0.0143776500
       -0.0150755900
       -0.0152954200
       -0.0151646200
       -0.0150656500
       -0.0151580200
       -0.0154415300
       -0.0157251600
       -0.0152437300
       -0.0143798500
       -0.0135477600
       -0.0130344700
       -0.0123617500
       -0.0114659400
       -0.0107295400
       -0.0106943000
       -0.0108185100
       -0.0108152000
       -0.0108437800
       -0.0109360500
       -0.0112514900
       -0.0114713500
       -0.0118186000
       -0.0119747300
       -0.0121627000
       -0.0119362100
       -0.0114548000
       -0.0110370800
       -0.0108744500
       -0.0109029700
       -0.0107403400
       -0.0107051000
       -0.0107018400
       -0.0110172900
       -0.0115239200
       -0.0118393700
       -0.0126010600
       -0.0132671900
       -0.0143476100
       -0.0154598900
       -0.0160623100
       -0.0160270900
       -0.0153544400
       -0.0143949200
       -0.0133078700
       -0.0121889300
       -0.0107831100
       -0.0096005130
       -0.0086409720
       -0.0080320090
       -0.0079649190
       -0.0081848070
       -0.0088508270
       -0.0095487970
       -0.0105336600
       -0.0115822200
       -0.0125033800
       -0.0129463900
       -0.0127836500
       -0.0122386100
       -0.0108328400
       -0.0090764290
       -0.0073200610
       -0.0057230660
       -0.0043172800
       -0.0032940060
       -0.0028444460
       -0.0032236830
       -0.0040172240
       -0.0050977200
       -0.0062738710
       -0.0076731250
       -0.0091998910
       -0.0100572500
       -0.0101177400
       -0.0095407880
       -0.0088044740
       -0.0076856090
       -0.0059930350
       -0.0039179050
       -0.0018108970
       -0.0005964211
       -0.0001149850
        0.0000157267
       -0.0001404484
       -0.0009978047
       -0.0018871760
       -0.0027445590
       -0.0035701010
       -0.0043001030
       -0.0042968970
       -0.0034968130
       -0.0024736130
       -0.0016098750
       -0.0006822368
        0.0006278416
        0.0019698330
        0.0028973470
        0.0029962010
        0.0027124310
        0.0022693720
        0.0018582020
        0.0009688806
       -0.0001754773
       -0.0009692502
       -0.0013167880
       -0.0011542160
       -0.0010554150
       -0.0010204430
       -0.0013360710
       -0.0013011120
       -0.0009473382
       -0.0006892040
       -0.0001761035
        0.0005920202
        0.0012326020
        0.0014907350
        0.0010475640
        0.0007956702
        0.0008306562
        0.0009930814
        0.0010598980
        0.0014774080
        0.0020541980
        0.0028860290
        0.0037178160
        0.0046134030
        0.0057319950
        0.0068507900
        0.0080969030
        0.0092793540
        0.0102386200
        0.0110385200
        0.0116152900
        0.0120964800
        0.0122588100
        0.0122618800
        0.0119461400
        0.0121085400
        0.0122708600
        0.0122420600
        0.0120538000
        0.0120886100
        0.0119003400
        0.0117440500
        0.0116195300
        0.0113992900
        0.0112429200
        0.0113734000
        0.0113763600
        0.0108373800
        0.0102347400
        0.0105245300
        0.0107506500
        0.0102435700
        0.0092583040
        0.0090381490
        0.0095510600
        0.0100002200
        0.0099712090
        0.0098785950
        0.0102002500
        0.0103943300
        0.0100147300
        0.0090613510
        0.0081079760
        0.0076963920
        0.0079224240
        0.0080527980
        0.0078006540
        0.0075802970
        0.0071688170
        0.0067572260
        0.0061863110
        0.0054878700
        0.0050126090
        0.0050472460
        0.0053369830
        0.0053397570
        0.0050875520
        0.0048671600
        0.0048381140
        0.0053508760
        0.0060867320
        0.0066951850
        0.0071441980
        0.0075294410
        0.0078190130
        0.0079492730
        0.0078882640
        0.0079547410
        0.0082124630
        0.0085977260
        0.0090786270
        0.0094956170
        0.0096258190
        0.0097560170
        0.0101731300
        0.0107813800
        0.0112303200
        0.0114242600
        0.0116819500
        0.0120033200
        0.0121335000
        0.0120086600
        0.0119157400
        0.0120458700
        0.0120165900
        0.0120192600
        0.0116075800
        0.0109726500
        0.0104333400
        0.0098303630
        0.0094504610
        0.0094530290
        0.0096468560
        0.0104144500
        0.0109907800
        0.0114713900
        0.0119839600
        0.0129109600
        0.0135828400
        0.0137129100
        0.0139386300
        0.0143237600
        0.0141669200
        0.0134680600
        0.0127693500
        0.0120387500
        0.0116906000
        0.0115018000
        0.0114405500
        0.0112837000
        0.0113180200
        0.0116073700
        0.0115461100
        0.0112935600
        0.0106585500
        0.0097047260
        0.0086234450
        0.0072552060
        0.0058551660
        0.0042319550
        0.0026406340
        0.0015910810
        0.0007329250
        0.0001933404
        0.0000682369
        0.0004212581
        0.0007424059
        0.0010315620
        0.0012251830
        0.0016737630
        0.0020905690
        0.0025072120
        0.0028283190
        0.0032450780
        0.0034067660
        0.0033772300
        0.0032838870
        0.0032861790
        0.0031610040
        0.0031632760
        0.0029425160
        0.0024028630
        0.0016721020
        0.0011643440
        0.0009434535
        0.0003081906
       -0.0005182841
       -0.0009623240
       -0.0011832390
       -0.0012128610
       -0.0011150410
       -0.0012084050
       -0.0017480960
       -0.0023514890
       -0.0022537040
       -0.0016777770
       -0.0017073810
       -0.0023746520
       -0.0029780370
       -0.0026253170
       -0.0023043860
       -0.0025890690
       -0.0030013320
       -0.0029992120
       -0.0028058080
       -0.0032180320
       -0.0038533930
       -0.0038512810
       -0.0031479220
       -0.0021258260
       -0.0014224620
       -0.0008148026
        0.0003029684
        0.0017075570
        0.0026340880
        0.0030186590
        0.0031482490
        0.0033733840
        0.0032799000
        0.0027719400
        0.0020090140
        0.0012141120
        0.0006424208
       -0.0000568293
       -0.0005647928
       -0.0009772226
       -0.0011664500
       -0.0009732217
       -0.0007799443
       -0.0011922940
       -0.0016047160
       -0.0016027550
       -0.0015050840
       -0.0017581360
       -0.0021068360
       -0.0022324060
       -0.0021347630
       -0.0022603460
       -0.0027365570
       -0.0030533920
       -0.0031789460
       -0.0033045510
       -0.0035894350
       -0.0040019650
       -0.0044143720
       -0.0045400010
       -0.0046975100
       -0.0050143880
       -0.0052993190
       -0.0055524680
       -0.0056780870
       -0.0055806720
       -0.0056743670
       -0.0058957330
       -0.0062763650
       -0.0064976080
       -0.0064957600
       -0.0067808790
       -0.0074802780
       -0.0083072280
       -0.0089747360
       -0.0093554780
       -0.0099274170
       -0.0105950700
       -0.0111351100
       -0.0110058700
       -0.0106216000
       -0.0105880300
       -0.0107455900
       -0.0103296400
       -0.0099134290
       -0.0095928370
       -0.0095592650
       -0.0093343390
       -0.0091732820
       -0.0092033630
       -0.0096798160
       -0.0100286900
       -0.0099951670
       -0.0097384390
       -0.0094180000
       -0.0093843900
       -0.0091277090
       -0.0084566940
       -0.0078493510
       -0.0069233680
       -0.0062842050
       -0.0057405870
       -0.0053246140
       -0.0048767070
       -0.0044606450
       -0.0039171660
       -0.0034692960
       -0.0029894840
       -0.0025416170
       -0.0019981640
       -0.0012633850
       -0.0006561911
        0.0002060760
        0.0014189420
        0.0025042740
        0.0033665750
        0.0039100020
        0.0041347550
        0.0042319010
        0.0042334820
        0.0043944790
        0.0044597900
        0.0043019210
        0.0040804130
        0.0040182070
        0.0043065660
        0.0046906070
        0.0052658870
        0.0056499250
        0.0058427030
        0.0058761570
        0.0057820150
        0.0052417240
        0.0044782050
        0.0038422260
        0.0030787100
        0.0020282990
        0.0005954435
       -0.0006462428
       -0.0011867180
       -0.0013127330
       -0.0017256100
       -0.0022023100
       -0.0027746290
       -0.0030281680
       -0.0033454870
       -0.0038858590
       -0.0044901370
       -0.0050624380
       -0.0052840800
       -0.0053783240
       -0.0059187440
       -0.0064273220
       -0.0067128440
       -0.0066157670
       -0.0063275680
       -0.0061349130
       -0.0058147680
       -0.0053989600
       -0.0047920120
       -0.0044718800
       -0.0042155020
       -0.0037678820
       -0.0035752780
       -0.0035101580
       -0.0033812870
       -0.0031886840
       -0.0031554070
       -0.0035684810
       -0.0037583980
       -0.0035338830
       -0.0030863170
       -0.0025749820
       -0.0024461450
       -0.0023810740
       -0.0021885130
       -0.0020596910
       -0.0022815570
       -0.0026308080
       -0.0030120240
       -0.0035526360
       -0.0039975880
       -0.0044425430
       -0.0051105880
       -0.0058105620
       -0.0059687120
       -0.0056167690
       -0.0051692700
       -0.0045942520
       -0.0039874080
       -0.0033804840
       -0.0027417190
       -0.0022304670
       -0.0018467160
       -0.0017817150
       -0.0018761510
       -0.0021617250
       -0.0026386610
       -0.0031474250
       -0.0039112010
       -0.0044518000
       -0.0048968310
       -0.0051825420
       -0.0056913510
       -0.0058494750
       -0.0058164420
       -0.0055602540
       -0.0050808890
       -0.0046334530
       -0.0040904380
       -0.0037067530
       -0.0033868360
       -0.0032262120
       -0.0031294310
       -0.0030007590
       -0.0030314000
       -0.0032534080
       -0.0037303090
       -0.0042391520
       -0.0048755010
       -0.0052568500
       -0.0056063650
       -0.0057008060
       -0.0054765940
       -0.0050292110
       -0.0045818190
       -0.0039112770
       -0.0031133240
       -0.0021240290
       -0.0013578790
       -0.0006236910
       -0.0001762039
       -0.0000157649
        0.0001128697
        0.0001458954
        0.0000832695
        0.0002436888
        0.0004998034
        0.0010108830
        0.0014582460
        0.0021287520
        0.0028948600
        0.0037565100
        0.0046183090
        0.0053206540
        0.0060867280
        0.0065340550
        0.0066944730
        0.0068230460
        0.0069835470
        0.0069526880
        0.0068900260
        0.0064767730
        0.0063821470
        0.0061919580
        0.0060974520
        0.0058115880
        0.0056851420
        0.0056861970
        0.0057191940
        0.0056565080
        0.0054343560
        0.0054353990
        0.0054683640
        0.0056924810
        0.0056297630
        0.0054395490
        0.0051855920
        0.0047403820
        0.0042951430
        0.0039136670
        0.0035959340
        0.0031826360
        0.0028648900
        0.0027383990
        0.0027712470
        0.0026129390
        0.0027732450
        0.0029017550
        0.0029027530
        0.0025850140
        0.0022035000
        0.0017901830
        0.0012492490
        0.0007721719
        0.0004543994
        0.0002003893
        0.0000419428
       -0.0001801419
       -0.0002110976
       -0.0003376165
       -0.0004641498
       -0.0004631734
       -0.0002391308
       -0.0000787267
       -0.0000140105
       -0.0001405333
       -0.0001076489
       -0.0002023449
       -0.0003608132
       -0.0007741719
       -0.0010919670
       -0.0014735070
       -0.0016000640
       -0.0019178600
       -0.0021719190
       -0.0020116510
       -0.0019150420
       -0.0017228480
       -0.0014031510
       -0.0009878895
       -0.0005725231
       -0.0001571544
        0.0000350424
       -0.0000915190
       -0.0000587611
       -0.0000258994
       -0.0000887105
       -0.0001515299
       -0.0001187744
       -0.0003410212
       -0.0004356767
       -0.0004347534
       -0.0004338363
       -0.0002416723
        0.0001736707
        0.0008439016
        0.0015142500
        0.0021526690
        0.0027591650
        0.0031425790
        0.0031435100
        0.0032081780
        0.0031453380
        0.0028912550
        0.0025096680
        0.0020643230
        0.0019696480
        0.0021617950
        0.0022264670
        0.0024504560
        0.0028020120
        0.0028029070
        0.0028993740
        0.0029640210
        0.0029968370
        0.0030614760
        0.0030942000
        0.0030632690
        0.0031278980
        0.0032881080
        0.0034802470
        0.0032898830
        0.0033864430
        0.0038016470
        0.0038025460
        0.0035484380
        0.0034217980
        0.0035183520
        0.0036785500
        0.0035838540
        0.0036802960
        0.0039043410
        0.0039689730
        0.0040654330
        0.0040982150
        0.0043540770
        0.0045142780
        0.0048658290
        0.0050579450
        0.0053456380
        0.0055377710
        0.0056343270
        0.0054119890
        0.0052853570
        0.0049674680
        0.0047452630
        0.0045229270
        0.0044600420
        0.0045246550
        0.0044299450
        0.0043670240
        0.0043359640
        0.0041774830
        0.0040189220
        0.0036691920
        0.0033513010
        0.0030652230
        0.0027792560
        0.0024931630
        0.0021115130
        0.0021442820
        0.0021769550
        0.0022734680
        0.0022424000
        0.0021476630
        0.0020528390
        0.0020218430
        0.0015764410
        0.0015135200
        0.0018011870
        0.0020251940
        0.0021535440
        0.0019312100
        0.0017089900
        0.0015823090
        0.0014556520
        0.0010420570
        0.0004373224
        0.0001831355
        0.0003114779
        0.0004078709
        0.0001537112
        0.0001227008
        0.0003785364
        0.0006661830
        0.0006032697
        0.0004128379
        0.0003180948
        0.0002869845
        0.0001922495
       -0.0000301182
       -0.0003480344
       -0.0004109779
       -0.0004101453
       -0.0004412604
       -0.0007272539
       -0.0009177010
       -0.0008850528
       -0.0009479921
       -0.0010427450
       -0.0010738670
       -0.0006905519
       -0.0002753173
        0.0002036757
        0.0007144895
        0.0011296330
        0.0014173710
        0.0017050130
        0.0016740000
        0.0014835660
        0.0015162010
        0.0013576920
        0.0013265690
        0.0009448870
        0.0004994382
        0.0002134160
        0.0002142126
        0.0004700188
        0.0006938857
        0.0012046860
        0.0019386670
        0.0024813030
        0.0028645990
        0.0030248390
        0.0030893900
        0.0027714560
        0.0024534990
        0.0020718100
        0.0012756800
        0.0005434078
        0.0000979347
        0.0001305455
        0.0002907471
        0.0008333579
        0.0015035680
        0.0026518560
        0.0037044970
        0.0044703100
        0.0049810730
        0.0052688040
        0.0055245880
        0.0054297170
        0.0045699220
        0.0037737990
        0.0033602470
        0.0032016270
        0.0025968150
        0.0019601110
        0.0016101990
        0.0016429110
        0.0017711720
        0.0018994660
        0.0019002430
        0.0021560380
        0.0022523750
        0.0022851040
        0.0017121180
        0.0010116670
        0.0001199233
       -0.0007081325
       -0.0018548860
       -0.0028103480
       -0.0037021040
       -0.0040200850
       -0.0039555980
       -0.0037316450
       -0.0035396480
       -0.0033158000
       -0.0029325600
       -0.0025492690
       -0.0025165720
       -0.0026752190
       -0.0028975400
       -0.0032792630
       -0.0035654400
       -0.0039152450
       -0.0042651870
       -0.0044556620
       -0.0047736610
       -0.0051553990
       -0.0053459150
       -0.0055364010
       -0.0058862380
       -0.0059811560
       -0.0060122650
       -0.0060115110
       -0.0057876790
       -0.0055956810
       -0.0054355170
       -0.0052435160
       -0.0050515250
       -0.0048595310
       -0.0048269820
       -0.0049218030
       -0.0048892360
       -0.0049203190
       -0.0050470890
       -0.0050463490
       -0.0048543740
       -0.0046623830
       -0.0044066820
       -0.0040871870
       -0.0039271090
       -0.0039901190
       -0.0042124680
       -0.0044986510
       -0.0049441700
       -0.0053577610
       -0.0058670510
       -0.0062807490
       -0.0065350160
       -0.0066618000
       -0.0065973370
       -0.0065646950
       -0.0064684040
       -0.0063720130
       -0.0062119970
       -0.0062750270
       -0.0063061210
       -0.0064329100
       -0.0064641320
       -0.0064634240
       -0.0063670330
       -0.0062070040
       -0.0058556350
       -0.0051536910
       -0.0044836410
       -0.0039410160
       -0.0033347370
       -0.0029515320
       -0.0026958230
       -0.0026313700
       -0.0026625100
       -0.0025343080
       -0.0024698490
       -0.0025010770
       -0.0026916360
       -0.0027227710
       -0.0026264970
       -0.0026258030
       -0.0027844440
       -0.0028794320
       -0.0027193130
       -0.0023680630
       -0.0021761210
       -0.0021435180
       -0.0018240710
       -0.0018233910
       -0.0019821420
       -0.0023002120
       -0.0024270330
       -0.0023944370
       -0.0024575170
       -0.0025525270
       -0.0025199250
       -0.0023599540
       -0.0018173670
       -0.0011792080
       -0.0005729622
       -0.0001898051
        0.0002890402
        0.0007041342
        0.0008003792
        0.0006735406
        0.0003236325
        0.0001330440
        0.0000060921
       -0.0001845127
       -0.0001519365
       -0.0003107193
       -0.0001188238
        0.0002006677
        0.0004243860
        0.0009032036
        0.0011906680
        0.0013507340
        0.0014151250
        0.0012245150
        0.0008107207
        0.0003332839
       -0.0005267684
       -0.0011955660
       -0.0020236920
       -0.0025649010
       -0.0029467860
       -0.0030099330
       -0.0027543150
       -0.0023393930
       -0.0016375300
       -0.0009356731
       -0.0001700543
        0.0005319009
        0.0009468454
        0.0013618700
        0.0017130570
        0.0021599040
        0.0021924530
        0.0019380540
        0.0016517250
        0.0015248120
        0.0014298390
        0.0014622480
        0.0015903380
        0.0021009120
        0.0027390090
        0.0033133360
        0.0036646000
        0.0039520000
        0.0039845080
        0.0038894170
        0.0037624980
        0.0036674940
        0.0034130870
        0.0028717290
        0.0025854590
        0.0022990920
        0.0024590760
        0.0025233850
        0.0025876910
        0.0026200640
        0.0028756240
        0.0031631000
        0.0034504710
        0.0035785160
        0.0038340660
        0.0041215400
        0.0041539150
        0.0040907040
        0.0041869410
        0.0041874870
        0.0042198220
        0.0042203550
        0.0042208760
        0.0043808400
        0.0045088580
        0.0045093880
        0.0046054920
        0.0044785260
        0.0044152820
        0.0042564870
        0.0040657480
        0.0037475160
        0.0035248410
        0.0032066040
        0.0030796120
        0.0032713720
        0.0032081020
        0.0030492800
        0.0027628420
        0.0026358400
        0.0024132480
        0.0019355670
        0.0015854700
        0.0012352800
        0.0012357500
        0.0011406590
        0.0008541938
        0.0007271684
        0.0007595567
        0.0009512755
        0.0011748150
        0.0010477900
        0.0009844851
        0.0008574524
        0.0006028983
        0.0003165379
       -0.0001611925
       -0.0004157400
       -0.0004472327
       -0.0003830341
       -0.0004144216
       -0.0003184120
       -0.0004135505
       -0.0006043646
       -0.0007951896
       -0.0008904322
       -0.0009537685
       -0.0010170930
       -0.0010484960
       -0.0010800050
       -0.0011433450
       -0.0014297540
       -0.0014612740
       -0.0014926920
       -0.0013967280
       -0.0013643990
       -0.0011409280
       -0.0009811116
       -0.0008532213
       -0.0005660120
       -0.0001511979
        0.0002636123
        0.0005508290
        0.0008699665
        0.0009660185
        0.0015082120
        0.0019867670
        0.0022739570
        0.0024337500
        0.0028803590
        0.0033269790
        0.0037098430
        0.0040926930
        0.0044755480
        0.0049539800
        0.0053368320
        0.0057834320
        0.0060069590
        0.0062623250
        0.0064539300
        0.0062629960
        0.0061039160
        0.0059449240
        0.0054990190
        0.0052124010
        0.0048939830
        0.0047349820
        0.0045121420
        0.0042893570
        0.0040665070
        0.0039712390
        0.0035253190
        0.0029199280
        0.0022827500
        0.0017730400
        0.0010402840
        0.0003711252
       -0.0003298265
       -0.0009670618
       -0.0015724400
       -0.0021777580
       -0.0025599740
       -0.0031334740
       -0.0035476210
       -0.0038341880
       -0.0043120930
       -0.0045986830
       -0.0048215920
       -0.0050444270
       -0.0051716760
       -0.0053308830
       -0.0053624660
       -0.0051391480
       -0.0047564170
       -0.0042461870
       -0.0040865290
       -0.0036400530
       -0.0031617610
       -0.0024602940
       -0.0017906440
       -0.0012804200
       -0.0007383812
       -0.0002281658
        0.0001864760
        0.0005054409
        0.0006650728
        0.0007290311
        0.0009842335
        0.0008887504
        0.0008251938
        0.0009210591
        0.0008371865
        0.0007359586
        0.0005390754
        0.0004058808
        0.0005275448
        0.0003305087
        0.0003565158
        0.0003505418
        0.0004718230
        0.0005610104
        0.0004273678
        0.0002620432
        0.0001921993
       -0.0001636275
       -0.0004235537
       -0.0006829958
       -0.0008784172
       -0.0007245360
       -0.0005707496
       -0.0003222551
        0.0002740379
        0.0009320293
        0.0013669360
        0.0015161280
        0.0015067130
        0.0012130070
        0.0006678106
       -0.0001910287
       -0.0009842125
       -0.0017432020
       -0.0022479990
       -0.0024995660
       -0.0027184100
       -0.0027481180
       -0.0026519590
       -0.0025245590
       -0.0023035790
       -0.0021767130
       -0.0022058270
       -0.0022968300
       -0.0024802860
       -0.0028488440
       -0.0031531430
       -0.0035174260
       -0.0036626540
       -0.0036520490
       -0.0037026010
       -0.0036906070
       -0.0034011220
       -0.0031739860
       -0.0027635760
       -0.0022936630
       -0.0017038390
       -0.0010560480
       -0.0003206066
        0.0002885164
        0.0008328820
        0.0014646630
        0.0020010400
        0.0024426560
        0.0029412260
        0.0032247060
        0.0034152320
        0.0035737210
        0.0033407120
        0.0032282760
        0.0029966610
        0.0028852580
        0.0028931380
        0.0027518460
        0.0027887910
        0.0028247860
        0.0029778210
        0.0032171260
        0.0033950230
        0.0033360710
        0.0032184550
        0.0032760060
        0.0032741590
        0.0028358810
        0.0021980820
        0.0016523500
        0.0011978350
        0.0006896463
        0.0001574456
       -0.0002552553
       -0.0006354280
       -0.0010117040
       -0.0011569700
       -0.0012438950
       -0.0012168620
       -0.0012462470
       -0.0011066790
       -0.0008563630
       -0.0007205620
       -0.0003353648
       -0.0002879991
       -0.0004352340
       -0.0005531573
       -0.0007799137
       -0.0009490616
       -0.0011435870
       -0.0014447290
       -0.0016877350
       -0.0017104450
       -0.0017056170
       -0.0015927670
       -0.0016960260
       -0.0017709490
       -0.0017911550
       -0.0018108770
       -0.0019890210
       -0.0021909020
       -0.0023896710
       -0.0024278050
       -0.0024911230
       -0.0026050660
       -0.0026130850
       -0.0024392440
       -0.0022930730
       -0.0021999330
       -0.0022099580
       -0.0021938710
       -0.0021775450
       -0.0021862850
       -0.0022447170
       -0.0024273330
       -0.0023814820
       -0.0024851450
       -0.0025121610
       -0.0027111490
       -0.0028077250
       -0.0028284530
       -0.0027260230
       -0.0027460230
       -0.0029101980
       -0.0031672360
       -0.0033469720
       -0.0035465870
       -0.0037655610
       -0.0041928110
       -0.0043045360
       -0.0043189980
       -0.0044719870
       -0.0045974690
       -0.0044178820
       -0.0041707040
       -0.0040642740
       -0.0039353740
       -0.0038529160
       -0.0038609920
       -0.0037773550
       -0.0034246730
       -0.0031219880
       -0.0030013480
       -0.0026829620
       -0.0022376920
       -0.0020407340
       -0.0022383280
       -0.0024309290
       -0.0021230560
       -0.0016489260
       -0.0012262370
       -0.0009811276
       -0.0005717369
       -0.0002123541
        0.0000355096
       -0.0000121693
        0.0000653527
        0.0003261492
        0.0006222324
        0.0009118583
        0.0010335560
        0.0010922450
        0.0011094860
        0.0011063630
        0.0010242680
        0.0008851528
        0.0007101543
        0.0005005192
        0.0004307157
        0.0004966901
        0.0005421447
        0.0005298657
        0.0006119298
        0.0007107438
        0.0008070698
        0.0006982554
        0.0005921843
        0.0005616388
        0.0005319664
        0.0003594874
        0.0002095342
        0.0002586860
        0.0004300197
        0.0003697404
        0.0002592091
        0.0002726408
        0.0003373448
        0.0004346280
        0.0003267017
        0.0003562490
        0.0006016982
        0.0009065255
        0.0010221520
        0.0011342940
        0.0013077570
        0.0015561400
        0.0017170820
        0.0016829220
        0.0016961670
        0.0017861430
        0.0018107840
        0.0019104110
        0.0018082980
        0.0014975160
        0.0013603740
        0.0012418890
        0.0012883080
        0.0012017240
        0.0010598800
        0.0011224080
        0.0013801710
        0.0016561710
        0.0016440850
        0.0015217010
        0.0014842740
        0.0015279540
        0.0014892010
        0.0014640880
        0.0012959560
        0.0011720650
        0.0012429240
        0.0013855120
        0.0011985230
        0.0007485394
        0.0004379498
        0.0004635006
        0.0005588531
        0.0004866337
        0.0002332198
        0.0002298618
        0.0006082996
        0.0010801870
        0.0012350960
        0.0010911640
        0.0010060500
        0.0010182460
        0.0008949186
        0.0006548439
        0.0002057824
       -0.0001815387
       -0.0002769462
       -0.0001849065
       -0.0000495945
        0.0000239410
        0.0001216095
        0.0003491098
        0.0006616547
        0.0008876891
        0.0008960773
        0.0008779913
        0.0010081680
        0.0010652040
        0.0010621010
        0.0010733790
        0.0010825860
        0.0010070430
        0.0008607599
        0.0008305460
        0.0008578038
        0.0007498800
        0.0005451340
        0.0003591281
        0.0003352784
        0.0003961736
        0.0004024762
        0.0003648453
        0.0003534620
        0.0004958651
        0.0006280785
        0.0006147925
        0.0005019767
        0.0004068848
        0.0003336421
        0.0002548142
        0.0001511598
        0.0000697469
        0.0001433257
        0.0002631274
        0.0003280751
        0.0003163343
        0.0003962887
        0.0005075128
        0.0004727319
        0.0003671804
        0.0002730936
        0.0002317983
        0.0002231460
        0.0001679025
        0.0001170363
        0.0001011365
        0.0001729411
        0.0002255210
        0.0002261531
        0.0002445096
        0.0003167568
        0.0003530594
        0.0003516648
        0.0003331005
        0.0003281551
        0.0003123991
        0.0003141009
        0.0003404886
        0.0003675181
        0.0003770133
        0.0003795404
        0.0003737506
        0.0003566266
        0.0003373823
        0.0003237900
        0.0003078692
        0.0003107238
        0.0003111934
        0.0002965494
        0.0002642408
        0.0002244211
        0.0001884739
        0.0001436995
        0.0000931082
        0.0000520458
        0.0000365306
        0.0000205367
       -0.0000047182
       -0.0000246490
       -0.0000440192
       -0.0000499293
       -0.0000567866
       -0.0000742786
       -0.0000918424
       -0.0000961435
       -0.0000980239
       -0.0001075823
       -0.0001233495
       -0.0001257767
       -0.0001268715
       -0.0001293165
       -0.0001374597
       -0.0001413203
       -0.0001432092
       -0.0001459374
       -0.0001511440
       -0.0001564628
       -0.0001575912
       -0.0001576960
       -0.0001595479
       -0.0001630532
       -0.0001654495
       -0.0001641152
       -0.0001595771
       -0.0001553309
       -0.0001513948
       -0.0001491913
       -0.0001465846
       -0.0001459770
       -0.0001472469
       -0.0001500165
       -0.0001517723
       -0.0001523277
       -0.0001527328
       -0.0001518626
       -0.0001503427
       -0.0001466274
       -0.0001427912
       -0.0001386337
       -0.0001350841
       -0.0001321613
       -0.0001296900
       -0.0001278411
       -0.0001258967
       -0.0001237769
       -0.0001215781
       -0.0001190075
       -0.0001162239
       -0.0001131606
       -0.0001099567
       -0.0001067028
       -0.0001032118
       -0.0000997287
       -0.0000962747
       -0.0000928413
       -0.0000894488
       -0.0000861110
       -0.0000826755
       -0.0000792346
       -0.0000757995
       -0.0000723445
       -0.0000688479
       -0.0000653454
       -0.0000618344
       -0.0000583160
       -0.0000547647
       -0.0000511686
       -0.0000475693
       -0.0000439391
       -0.0000403009
       -0.0000366474
       -0.0000329819
       -0.0000293021
       -0.0000256053
       -0.0000218911
       -0.0000181647
       -0.0000144281
       -0.0000106841
       -0.0000069344
       -0.0000031812
        0.0000005740
        0.0000043302
        0.0000080866
        0.0000118424
