        0.0000895819
        0.0000888773
        0.0000881682
        0.0000874034
        0.0000866577
        0.0000858441
        0.0000849681
        0.0000844902
        0.0000840347
        0.0000829998
        0.0000822443
        0.0000814867
        0.0000810278
        0.0000806651
        0.0000803932
        0.0000779709
        0.0000776453
        0.0000768722
        0.0000773691
        0.0000760152
        0.0000752932
        0.0000754293
        0.0000719798
        0.0000711014
        0.0000702179
        0.0000681224
        0.0000709757
        0.0000702605
        0.0000680575
        0.0000703970
        0.0000748281
        0.0000709573
        0.0000780761
        0.0000659390
        0.0000630835
        0.0000532142
        0.0000542613
        0.0000555360
        0.0000623306
        0.0000643897
        0.0000667092
        0.0000693131
        0.0000658284
        0.0000587369
        0.0000615024
        0.0000536625
        0.0000565750
        0.0000440441
        0.0000510377
        0.0000629257
        0.0000448609
        0.0000575716
        0.0000570213
        0.0000663174
        0.0000610183
        0.0000501102
        0.0000548535
        0.0000430311
        0.0000304979
        0.0000352375
        0.0000527264
        0.0000394184
        0.0000582305
        0.0000376034
        0.0000575853
        0.0000644290
        0.0000422325
        0.0000188322
        0.0000019802
        0.0000241601
        0.0000230320
        0.0000386724
        0.0000465713
        0.0000460722
        0.0000275051
        0.0000450875
        0.0000351239
        0.0000247276
        0.0000040168
        0.0000228743
        0.0000116193
        0.0000104639
        0.0000308837
        0.0000412091
        0.0000632180
        0.0000402681
        0.0000046817
        0.0000273759
        0.0000266709
        0.0000259775
        0.0000631728
        0.0000502968
        0.0000369983
        0.0000231894
        0.0000496160
        0.0000632208
        0.0000491781
        0.0000061200
        0.0000051925
        0.0000190329
        0.0000633165
        0.0000176606
       -0.0000139493
        0.0000005623
       -0.0000322388
        0.0000149121
        0.0000470652
       -0.0000364325
        0.0000297954
       -0.0000049550
        0.0000289116
        0.0000284794
       -0.0000076936
        0.0000456576
       -0.0000277997
        0.0000452461
       -0.0000113305
        0.0000258650
        0.0000061499
       -0.0000140272
       -0.0000149300
       -0.0000158233
       -0.0000167170
        0.0000436473
       -0.0000184934
        0.0000015262
        0.0000008673
        0.0000215624
        0.0000211356
        0.0000207106
        0.0000422289
       -0.0000246214
       -0.0000030290
       -0.0000263452
       -0.0000272039
       -0.0000280625
        0.0000642765
       -0.0000297611
        0.0000168648
       -0.0000075023
        0.0000160124
        0.0000398747
       -0.0000093873
       -0.0000100152
       -0.0000106374
       -0.0000112530
       -0.0000118733
       -0.0000380305
       -0.0000131112
       -0.0000654697
       -0.0001446733
       -0.0000674372
       -0.0000155506
       -0.0000428044
       -0.0000167663
       -0.0000712719
        0.0000362711
        0.0000087704
        0.0000083401
        0.0000907196
       -0.0000481740
       -0.0000489192
        0.0000066106
       -0.0000786075
        0.0000057484
       -0.0001945559
       -0.0000812393
       -0.0000533136
       -0.0000540279
        0.0000035704
       -0.0000846287
       -0.0000267169
        0.0000022573
       -0.0000870802
       -0.0000878820
        0.0000009430
       -0.0000295210
       -0.0001203689
       -0.0001212482
       -0.0000311710
       -0.0000925150
        0.0000287338
        0.0000590316
       -0.0000640637
       -0.0000954018
       -0.0000652956
       -0.0000039305
        0.0000576642
        0.0000262234
       -0.0000364896
       -0.0000370057
        0.0000564284
        0.0000246946
        0.0000557706
       -0.0001019952
       -0.0000395489
       -0.0000716729
        0.0000226911
        0.0000222792
        0.0000536088
       -0.0000102318
       -0.0000425098
       -0.0000111522
       -0.0000116098
        0.0000197091
       -0.0000444236
       -0.0001405228
       -0.0000772800
       -0.0001414989
       -0.0000143713
        0.0000489220
       -0.0000152826
       -0.0000795819
       -0.0001118633
       -0.0000804831
       -0.0000170706
       -0.0000813614
       -0.0001136192
        0.0000134456
       -0.0000507428
       -0.0000511649
       -0.0000196622
       -0.0000200869
       -0.0001481026
       -0.0000847698
       -0.0001489297
       -0.0000855746
       -0.0001497261
       -0.0000544586
       -0.0000867749
       -0.0001509305
       -0.0000875658
       -0.0000879514
       -0.0000244835
       -0.0001205397
       -0.0000571599
       -0.0000894607
       -0.0000259791
       -0.0000263350
       -0.0000266900
       -0.0000589715
       -0.0000912439
       -0.0000916049
       -0.0000919518
        0.0000353046
        0.0000667927
        0.0000346292
        0.0000343023
       -0.0001254554
       -0.0000620283
       -0.0000623385
        0.0000010973
       -0.0000629661
       -0.0000952034
       -0.0001273305
       -0.0000001370
       -0.0000004269
        0.0000312102
       -0.0001285036
       -0.0000969668
       -0.0000972478
       -0.0000656014
       -0.0000021194
       -0.0000661346
       -0.0000344746
       -0.0001623381
       -0.0001306681
       -0.0000671743
       -0.0000674240
       -0.0000996001
       -0.0001316601
       -0.0000043973
       -0.0000683694
       -0.0000685977
       -0.0000050638
       -0.0000690377
       -0.0000373273
       -0.0001013852
       -0.0000696627
       -0.0001017922
       -0.0000063157
       -0.0000383280
       -0.0001023645
       -0.0000706315
       -0.0001345548
       -0.0001347303
       -0.0001030732
       -0.0001350792
       -0.0001034128
       -0.0000397236
       -0.0001355505
       -0.0000719557
       -0.0001358429
       -0.0001359894
       -0.0001361193
       -0.0001681841
       -0.0000726366
        0.0000229193
       -0.0001048000
       -0.0001049314
       -0.0000411844
       -0.0000094589
       -0.0000733070
       -0.0001371654
       -0.0000097536
       -0.0001055167
       -0.0001055967
       -0.0001056765
       -0.0000100687
       -0.0000101385
       -0.0001376903
       -0.0001059422
       -0.0001378191
       -0.0001060367
       -0.0000741592
       -0.0000422764
       -0.0000742384
       -0.0000742655
       -0.0000742943
       -0.0000423875
       -0.0000424095
       -0.0000424218
       -0.0000424333
       -0.0001062894
       -0.0000743667
       -0.0001381149
       -0.0001062771
       -0.0001062580
       -0.0000743205
       -0.0000742955
       -0.0000423390
       -0.0000104772
       -0.0000741937
       -0.0001060776
       -0.0001697816
       -0.0001059778
       -0.0001377441
       -0.0001058559
       -0.0001376153
       -0.0001375464
       -0.0000417970
       -0.0001055675
       -0.0001692313
       -0.0002328943
       -0.0002965466
       -0.0004239483
       -0.0003281702
       -0.0000411352
        0.0003095489
        0.0002459139
        0.0001822850
        0.0000230964
       -0.0000086901
       -0.0001042296
       -0.0003590733
       -0.0007095090
       -0.0004225328
        0.0000877262
        0.0004703885
        0.0004705596
        0.0000882359
       -0.0004854502
       -0.0004533460
       -0.0002619024
       -0.0005804571
       -0.0008352705
       -0.0002295043
        0.0000895628
       -0.0004203305
       -0.0008981915
       -0.0009617270
       -0.0006427568
       -0.0002919600
        0.0008876967
        0.0015254460
        0.0012707040
        0.0013028830
        0.0019087130
        0.0012077480
       -0.0004814072
       -0.0018836460
       -0.0022658820
       -0.0029668590
       -0.0031896880
       -0.0016275820
        0.0001259115
        0.0007318920
       -0.0003516447
       -0.0024869080
       -0.0026141180
        0.0005418511
        0.0037297000
        0.0043675500
        0.0025828930
        0.0005113167
       -0.0012415250
       -0.0023249260
       -0.0027708320
       -0.0047467240
       -0.0064039100
       -0.0038854030
        0.0007687377
        0.0032872920
        0.0033514390
        0.0029055870
        0.0012484880
       -0.0021937250
       -0.0027989430
        0.0016001910
        0.0060950620
        0.0044698800
       -0.0025741200
       -0.0069087410
       -0.0042626810
       -0.0013934980
       -0.0015843060
       -0.0030501090
       -0.0068746590
       -0.0084680180
       -0.0016145280
        0.0075978740
        0.0082996800
        0.0001083641
       -0.0038438230
       -0.0009746338
        0.0004284744
       -0.0007823960
       -0.0001444128
       -0.0011001480
       -0.0053071470
       -0.0065497850
       -0.0017362500
        0.0048306250
        0.0084330300
        0.0054373770
       -0.0019570850
       -0.0066422790
       -0.0046017980
       -0.0005849994
       -0.0017956690
       -0.0054926420
       -0.0034202010
       -0.0000089401
       -0.0049809250
       -0.0121522500
       -0.0125342600
       -0.0071150750
        0.0048705390
        0.0173662000
        0.0181637900
        0.0099725400
        0.0024825510
       -0.0009594653
       -0.0028076290
       -0.0066638310
       -0.0095639590
       -0.0100414400
       -0.0098496160
       -0.0051953030
        0.0022322610
        0.0044960010
        0.0055166600
        0.0051985850
        0.0025217360
        0.0039567950
        0.0061887160
        0.0031294230
       -0.0011093430
       -0.0058261620
       -0.0112124700
       -0.0141443400
       -0.0148131100
       -0.0114019600
       -0.0037513120
        0.0093499980
        0.0205390200
        0.0168742600
        0.0049856580
       -0.0041937180
       -0.0128631600
       -0.0157631700
       -0.0064231770
        0.0054351310
        0.0073484600
        0.0019941910
        0.0039711270
        0.0080199990
       -0.0009998698
       -0.0142591900
       -0.0148960800
       -0.0061617100
        0.0025410000
        0.0038487430
       -0.0002943405
        0.0000252477
        0.0003128660
       -0.0066670360
       -0.0120851000
       -0.0084825350
        0.0025469490
        0.0105165600
        0.0093699380
        0.0052270290
        0.0001597660
       -0.0091470510
       -0.0144056700
       -0.0170506200
       -0.0198867900
       -0.0136387300
        0.0032876940
        0.0206285800
        0.0217772900
        0.0028762880
       -0.0179375000
       -0.0244710400
       -0.0182228400
       -0.0068745560
        0.0008719544
        0.0059408550
        0.0094479770
        0.0015438720
       -0.0140422600
       -0.0174520600
       -0.0110444700
       -0.0106292000
       -0.0128915700
       -0.0058782930
        0.0015176890
       -0.0060358430
       -0.0124419900
        0.0036876250
        0.0201041600
        0.0080246060
       -0.0137771900
       -0.0161670100
       -0.0112256400
       -0.0144760300
       -0.0145708000
       -0.0026487730
        0.0092734010
        0.0089556240
        0.0033146790
       -0.0015932120
       -0.0164780100
       -0.0310122600
       -0.0246683500
       -0.0026738580
        0.0169622200
        0.0225731700
        0.0205659600
        0.0157219700
       -0.0047727600
       -0.0319931800
       -0.0399612100
       -0.0273380000
       -0.0105389500
       -0.0018362110
       -0.0026002480
       -0.0024399110
       -0.0073477120
       -0.0285755500
       -0.0468710000
       -0.0421528800
       -0.0187239900
        0.0009757070
        0.0087542390
        0.0193694300
        0.0274031200
        0.0136979900
       -0.0137455000
       -0.0411252700
       -0.0545121800
       -0.0464154900
       -0.0179821900
        0.0243804200
        0.0561932800
        0.0500745700
        0.0132596600
       -0.0286230900
       -0.0471100300
       -0.0311718700
       -0.0019416770
        0.0241968200
        0.0359598200
        0.0237846900
        0.0035449660
       -0.0079610300
       -0.0187658800
       -0.0304631300
       -0.0329805600
       -0.0232261100
       -0.0067140160
        0.0106269400
        0.0305816500
        0.0451814500
        0.0355881900
        0.0068379260
       -0.0083338790
       -0.0008425611
        0.0117809400
        0.0215993800
        0.0273059200
        0.0218564000
        0.0093941240
        0.0056019310
        0.0090452890
        0.0028626250
       -0.0182379300
       -0.0349715300
       -0.0325801300
       -0.0207537000
       -0.0124972200
       -0.0104882000
       -0.0107422900
       -0.0061196650
        0.0009894425
       -0.0017508680
       -0.0126512400
       -0.0153280300
       -0.0086972120
        0.0046272670
        0.0229563800
        0.0328066600
        0.0361865500
        0.0364107400
        0.0232791500
        0.0076931260
        0.0044426250
        0.0075354850
        0.0020219850
       -0.0166877400
       -0.0304889500
       -0.0268864200
       -0.0250048400
       -0.0306459800
       -0.0292746100
       -0.0236638300
       -0.0228342000
       -0.0240766400
       -0.0199959600
       -0.0179551700
       -0.0209822800
       -0.0075623520
        0.0284255000
        0.0508346700
        0.0326988300
       -0.0046578050
       -0.0122116600
        0.0171459600
        0.0378657300
        0.0219293400
       -0.0112517600
       -0.0375797600
       -0.0468866500
       -0.0408615800
       -0.0376415900
       -0.0462152300
       -0.0468838700
       -0.0251764600
        0.0047869130
        0.0234664700
        0.0330299700
        0.0310866500
        0.0014119540
       -0.0366462000
       -0.0386220000
       -0.0041009550
        0.0188182600
        0.0117429000
       -0.0071262890
       -0.0078908640
        0.0190762200
        0.0341859700
        0.0127030500
       -0.0119993500
       -0.0268843000
       -0.0393468500
       -0.0442868200
       -0.0417045000
       -0.0306114500
       -0.0079159380
        0.0121026000
        0.0100634200
       -0.0104633900
       -0.0240736500
       -0.0064463470
        0.0388166200
        0.0747410500
        0.0792365100
        0.0689734300
        0.0598580200
        0.0509019600
        0.0300566900
       -0.0122088900
       -0.0533909400
       -0.0584591400
       -0.0298031700
       -0.0071709940
       -0.0210359300
       -0.0461848100
       -0.0379292700
        0.0033813560
        0.0414725600
        0.0500483800
        0.0302228600
        0.0102694800
        0.0157523200
        0.0399779400
        0.0622910600
        0.0622599700
        0.0393106300
        0.0237243400
        0.0307689900
        0.0497352100
        0.0633463600
        0.0577691600
        0.0417364900
        0.0418963400
        0.0581530500
        0.0665052900
        0.0623622900
        0.0390621700
       -0.0076659210
       -0.0474139900
       -0.0528328200
       -0.0247826400
        0.0137545400
        0.0293104100
        0.0198439900
        0.0154136900
        0.0296619300
        0.0509230900
        0.0705264900
        0.0952939200
        0.1265637000
        0.1454353000
        0.1468384000
        0.1528627000
        0.1651353000
        0.1659967000
        0.1446094000
        0.1067104000
        0.0749632100
        0.0662615600
        0.0750910500
        0.0988061400
        0.1279723000
        0.1318300000
        0.1047370000
        0.0793646800
        0.0703442600
        0.0805764400
        0.1085311000
        0.1284532000
        0.1228759000
        0.1087875000
        0.0983328700
        0.0918622300
        0.1052816000
        0.1431178000
        0.1722842000
        0.1714240000
        0.1551048000
        0.1399327000
        0.1326657000
        0.1353433000
        0.1393284000
        0.1313291000
        0.1167308000
        0.1092710000
        0.1075186000
        0.1047133000
        0.1020683000
        0.0997412500
        0.1012717000
        0.1106750000
        0.1190907000
        0.1210348000
        0.1215137000
        0.1187407000
        0.1059916000
        0.0793121200
        0.0395012800
       -0.0026379350
       -0.0393891100
       -0.0716469700
       -0.0962220700
       -0.1114269000
       -0.1262163000
       -0.1427280000
       -0.1499313000
       -0.1457564000
       -0.1425048000
       -0.1494852000
       -0.1637966000
       -0.1758140000
       -0.1841969000
       -0.1941421000
       -0.2055212000
       -0.2109095000
       -0.2057774000
       -0.1939830000
       -0.1860778000
       -0.1901259000
       -0.2003576000
       -0.2059676000
       -0.2037045000
       -0.1971068000
       -0.1935687000
       -0.1959270000
       -0.2001663000
       -0.2027484000
       -0.2054261000
       -0.2090916000
       -0.2148292000
       -0.2223525000
       -0.2266878000
       -0.2248383000
       -0.2206631000
       -0.2123120000
       -0.2036105000
       -0.2026858000
       -0.2089019000
       -0.2159469000
       -0.2046005000
       -0.1526758000
       -0.0730212500
       -0.0025448350
        0.0379045400
        0.0482010100
        0.0434196000
        0.0454283900
        0.0612698800
        0.0825306500
        0.0993922700
        0.1024527000
        0.0924757700
        0.0853358600
        0.0908818400
        0.0985322500
        0.0942609000
        0.0800445800
        0.0710554700
        0.0776217200
        0.0955031900
        0.1137677000
        0.1235532000
        0.1241912000
        0.1275698000
        0.1408613000
        0.1539937000
        0.1569582000
        0.1524320000
        0.1487026000
        0.1470450000
        0.1417541000
        0.1340720000
        0.1308842000
        0.1313623000
        0.1295774000
        0.1222461000
        0.1115039000
        0.1045869000
        0.1082209000
        0.1206520000
        0.1338156000
        0.1407962000
        0.1408280000
        0.1393616000
        0.1432500000
        0.1540236000
        0.1685269000
        0.1819463000
        0.1881616000
        0.1846874000
        0.1778661000
        0.1741686000
        0.1749013000
        0.1816270000
        0.1947918000
        0.2091359000
        0.2179963000
        0.2192398000
        0.2147454000
        0.2050241000
        0.1905206000
        0.1733406000
        0.1520481000
        0.1202375000
        0.0781298900
        0.0390196800
        0.0132318800
       -0.0053828430
       -0.0257199900
       -0.0477452200
       -0.0677323500
       -0.0830959700
       -0.0932962900
       -0.1015516000
       -0.1092661000
       -0.1145253000
       -0.1180960000
       -0.1212832000
       -0.1253958000
       -0.1314518000
       -0.1411740000
       -0.1545292000
       -0.1703081000
       -0.1872654000
       -0.2051797000
       -0.2233801000
       -0.2407215000
       -0.2567227000
       -0.2720544000
       -0.2877368000
       -0.3033244000
       -0.3168396000
       -0.3273269000
       -0.3342758000
       -0.3402696000
       -0.3454654000
       -0.3478559000
       -0.3471231000
       -0.3423427000
       -0.3305495000
       -0.3108831000
       -0.2871686000
       -0.2638691000
       -0.2430232000
       -0.2246302000
       -0.2102547000
       -0.2012341000
       -0.1956243000
       -0.1887709000
       -0.1781249000
       -0.1664272000
       -0.1582354000
       -0.1556211000
       -0.1578525000
       -0.1638132000
       -0.1718458000
       -0.1790495000
       -0.1819504000
       -0.1811222000
       -0.1787956000
       -0.1772012000
       -0.1766596000
       -0.1774246000
       -0.1782535000
       -0.1795283000
       -0.1830666000
       -0.1896331000
       -0.1991001000
       -0.2099372000
       -0.2207750000
       -0.2293497000
       -0.2325695000
       -0.2304977000
       -0.2273107000
       -0.2248256000
       -0.2216067000
       -0.2163458000
       -0.2091108000
       -0.1990060000
       -0.1849179000
       -0.1686291000
       -0.1527878000
       -0.1388262000
       -0.1272879000
       -0.1185852000
       -0.1095333000
       -0.0950616600
       -0.0737379100
       -0.0487472500
       -0.0244589500
       -0.0028468900
        0.0158635300
        0.0290925200
        0.0352441400
        0.0403448900
        0.0503215500
        0.0615422900
        0.0702439900
        0.0746437100
        0.0743249600
        0.0709149400
        0.0679185900
        0.0672499100
        0.0669948000
        0.0661666800
        0.0668359800
        0.0719687000
        0.0821048600
        0.0934527100
        0.1046408000
        0.1187941000
        0.1355922000
        0.1490761000
        0.1542720000
        0.1529664000
        0.1468149000
        0.1370935000
        0.1273400000
        0.1195633000
        0.1136665000
        0.1114678000
        0.1146873000
        0.1191509000
        0.1221794000
        0.1267697000
        0.1344519000
        0.1395848000
        0.1381190000
        0.1310754000
        0.1231071000
        0.1170838000
        0.1126854000
        0.1101041000
        0.1103594000
        0.1136436000
        0.1201783000
        0.1286581000
        0.1353525000
        0.1373630000
        0.1362162000
        0.1334106000
        0.1292675000
        0.1215861000
        0.1114825000
        0.1032273000
        0.1011880000
        0.1041214000
        0.1075646000
        0.1077246000
        0.1056534000
        0.1068337000
        0.1141658000
        0.1235378000
        0.1241444000
        0.1116507000
        0.0956503800
        0.0844627800
        0.0772280100
        0.0728938800
        0.0724804500
        0.0749038000
        0.0768172200
        0.0766271200
        0.0765961000
        0.0812507000
        0.0904316000
        0.1004735000
        0.1077739000
        0.1095920000
        0.1094973000
        0.1132284000
        0.1207519000
        0.1305701000
        0.1447874000
        0.1605986000
        0.1718198000
        0.1777497000
        0.1810341000
        0.1839364000
        0.1865515000
        0.1880824000
        0.1875419000
        0.1858540000
        0.1851862000
        0.1863668000
        0.1861452000
        0.1831828000
        0.1799332000
        0.1757264000
        0.1702456000
        0.1626607000
        0.1523669000
        0.1405743000
        0.1295793000
        0.1201458000
        0.1104894000
        0.1008324000
        0.0917499300
        0.0831769700
        0.0735526500
        0.0618557900
        0.0500321300
        0.0411723600
        0.0373173100
        0.0373821700
        0.0379898100
        0.0381824700
        0.0358257600
        0.0290697100
        0.0184574000
        0.0059001350
       -0.0062421970
       -0.0171419700
       -0.0268298600
       -0.0350839700
       -0.0413931400
       -0.0472247400
       -0.0527688700
       -0.0567518200
       -0.0604153600
       -0.0655453200
       -0.0697826500
       -0.0698765900
       -0.0635632700
       -0.0523096000
       -0.0444660800
       -0.0457710600
       -0.0532912700
       -0.0601742700
       -0.0652082300
       -0.0720595700
       -0.0801853400
       -0.0861759600
       -0.0885324300
       -0.0897740500
       -0.0920985500
       -0.0962080000
       -0.1013375000
       -0.1059892000
       -0.1071981000
       -0.1067178000
       -0.1080541000
       -0.1099647000
       -0.1126398000
       -0.1180878000
       -0.1233130000
       -0.1286340000
       -0.1348154000
       -0.1372037000
       -0.1339182000
       -0.1296769000
       -0.1271564000
       -0.1245716000
       -0.1229436000
       -0.1243755000
       -0.1239589000
       -0.1169438000
       -0.1057533000
       -0.0932558200
       -0.0820652100
       -0.0778547400
       -0.0834302100
       -0.0913326400
       -0.0924139900
       -0.0846338900
       -0.0698734100
       -0.0526583700
       -0.0389494200
       -0.0321567200
       -0.0279784700
       -0.0219829800
       -0.0163702700
       -0.0125740800
       -0.0094157570
       -0.0073408390
       -0.0070512150
       -0.0063787730
       -0.0051009420
       -0.0047473430
       -0.0050312670
       -0.0067814000
       -0.0118147300
       -0.0173260800
       -0.0169089100
       -0.0100207900
       -0.0012203650
        0.0078034920
        0.0108028800
        0.0004148790
       -0.0195357200
       -0.0384027300
       -0.0502892100
       -0.0555135600
       -0.0569131400
       -0.0552206400
       -0.0499583900
       -0.0414764200
       -0.0308272100
       -0.0191258000
       -0.0074246420
        0.0029382500
        0.0122170300
        0.0204123300
        0.0241449700
        0.0213434500
        0.0182547100
        0.0167601100
        0.0134483000
        0.0113159700
        0.0187459800
        0.0348144400
        0.0555364300
        0.0724019500
        0.0732342300
        0.0653968200
        0.0613521700
        0.0564786700
        0.0436366100
        0.0259176300
        0.0115772000
        0.0080423870
        0.0150263000
        0.0254211500
        0.0347320400
        0.0454456000
        0.0574659000
        0.0649922600
        0.0648046300
        0.0606965700
        0.0556319900
        0.0499303400
        0.0458219400
        0.0460165600
        0.0489207400
        0.0518250100
        0.0549842400
        0.0594822000
        0.0649682700
        0.0711559200
        0.0779170400
        0.0844551400
        0.0896544000
        0.0923358400
        0.0908415400
        0.0855859000
        0.0800753000
        0.0774974000
        0.0786805000
        0.0818715400
        0.0854452500
        0.0899753800
        0.0941547400
        0.0972822800
        0.1002823000
        0.1040476000
        0.1082909000
        0.1114502000
        0.1118366000
        0.1117768000
        0.1133743000
        0.1190201000
        0.1285546000
        0.1410861000
        0.1522782000
        0.1613022000
        0.1667888000
        0.1675259000
        0.1625576000
        0.1523933000
        0.1411456000
        0.1315553000
        0.1224433000
        0.1134261000
        0.1072147000
        0.1037441000
        0.1005289000
        0.0966119800
        0.0932374100
        0.0906914800
        0.0891338400
        0.0883723300
        0.0876753000
        0.0876153800
        0.0884802400
        0.0882609600
        0.0841853600
        0.0719812200
        0.0532749800
        0.0393809800
        0.0347632800
        0.0310377100
        0.0218301200
        0.0082232480
       -0.0043314130
       -0.0107029500
       -0.0105075700
       -0.0086868540
       -0.0089058430
       -0.0108783400
       -0.0130734700
       -0.0149503800
       -0.0156474700
       -0.0139224900
       -0.0097745530
       -0.0064875530
       -0.0069295490
       -0.0110694900
       -0.0167071900
       -0.0226958900
       -0.0295129100
       -0.0360755700
       -0.0406932000
       -0.0424105800
       -0.0431395800
       -0.0445383400
       -0.0473072100
       -0.0516384000
       -0.0576904400
       -0.0634562800
       -0.0671177300
       -0.0696320300
       -0.0719547200
       -0.0737680100
       -0.0755169200
       -0.0793381700
       -0.0861234500
       -0.0946626600
       -0.1032648000
       -0.1111020000
       -0.1166442000
       -0.1184574000
       -0.1168596000
       -0.1136683000
       -0.1108276000
       -0.1081784000
       -0.1055287000
       -0.1034210000
       -0.1037676000
       -0.1081627000
       -0.1161593000
       -0.1247618000
       -0.1308142000
       -0.1338073000
       -0.1348872000
       -0.1349468000
       -0.1345286000
       -0.1336007000
       -0.1323219000
       -0.1314255000
       -0.1307206000
       -0.1296652000
       -0.1280997000
       -0.1268525000
       -0.1263389000
       -0.1249967000
       -0.1221243000
       -0.1189330000
       -0.1183875000
       -0.1225601000
       -0.1295372000
       -0.1357165000
       -0.1377211000
       -0.1344982000
       -0.1282473000
       -0.1231433000
       -0.1223429000
       -0.1231045000
       -0.1217624000
       -0.1188259000
       -0.1203525000
       -0.1259272000
       -0.1306415000
       -0.1298728000
       -0.1230803000
       -0.1115384000
       -0.0961077400
       -0.0795606600
       -0.0651181000
       -0.0542450900
       -0.0457632300
       -0.0358463800
       -0.0228383400
       -0.0088734650
        0.0048996390
        0.0192470300
        0.0334982900
        0.0457420100
        0.0570926700
        0.0671050600
        0.0732282900
        0.0746984700
        0.0747654300
        0.0750553600
        0.0760147300
        0.0795881200
        0.0852331700
        0.0917707500
        0.0977026900
        0.1003200000
        0.0970083400
        0.0885645900
        0.0764234400
        0.0619235300
        0.0470092100
        0.0331146800
        0.0200808100
        0.0086724660
       -0.0003133590
       -0.0056018040
       -0.0067464620
       -0.0059467930
       -0.0048282590
       -0.0042516310
       -0.0055237750
       -0.0096328740
       -0.0154631700
       -0.0203373200
       -0.0230439900
       -0.0237107500
       -0.0226244100
       -0.0194979800
       -0.0149372600
       -0.0091015410
       -0.0021820490
        0.0055982090
        0.0125494700
        0.0185128600
        0.0230097000
        0.0261042600
        0.0274454900
        0.0277668900
        0.0273230900
        0.0257955700
        0.0235667000
        0.0215291800
        0.0213082900
        0.0236376000
        0.0279429000
        0.0330453900
        0.0387213700
        0.0443655400
        0.0501689600
        0.0573750700
        0.0660791000
        0.0731576400
        0.0734468600
        0.0649067700
        0.0521270000
        0.0437776600
        0.0447995800
        0.0533760500
        0.0649486000
        0.0751507100
        0.0825797200
        0.0857696800
        0.0831580600
        0.0763702100
        0.0683397500
        0.0601177900
        0.0523422400
        0.0452039000
        0.0399782500
        0.0371749500
        0.0355511700
        0.0348195300
        0.0353312800
        0.0364804100
        0.0360678500
        0.0329774600
        0.0286760800
        0.0256175900
        0.0240892400
        0.0225286400
        0.0202034200
        0.0183241100
        0.0146282300
        0.0067564580
       -0.0042708680
       -0.0138640900
       -0.0174965300
       -0.0161566400
       -0.0134778000
       -0.0128391600
       -0.0163759400
       -0.0236742000
       -0.0322154300
       -0.0405978900
       -0.0479598400
       -0.0557043300
       -0.0656800700
       -0.0757199500
       -0.0814565700
       -0.0812962900
       -0.0768330000
       -0.0704893000
       -0.0623923000
       -0.0531156700
       -0.0437756400
       -0.0365073200
       -0.0315021800
       -0.0282501100
       -0.0274525800
       -0.0294600500
       -0.0329019800
       -0.0343038000
       -0.0305740600
       -0.0220310300
       -0.0107787000
        0.0005056454
        0.0101005200
        0.0175917200
        0.0225009700
        0.0239996700
        0.0208445000
        0.0137368700
        0.0048122220
       -0.0026144660
       -0.0069811790
       -0.0083835710
       -0.0079690010
       -0.0064388180
       -0.0045899810
       -0.0029961170
       -0.0010198210
        0.0017214960
        0.0045584560
        0.0056103290
        0.0040803420
        0.0007333752
       -0.0026454780
       -0.0042074700
       -0.0029964160
       -0.0000003518
        0.0023582110
        0.0018480340
       -0.0027421860
       -0.0090856750
       -0.0130704000
       -0.0125608700
       -0.0070151490
        0.0019413390
        0.0116309000
        0.0175593300
        0.0189932500
        0.0175584600
        0.0156454500
        0.0147523900
        0.0144011300
        0.0149424400
        0.0159936200
        0.0170450100
        0.0173949400
        0.0167246900
        0.0150983200
        0.0139818900
        0.0145867100
        0.0164664600
        0.0183144400
        0.0170385400
        0.0106627800
       -0.0014508640
       -0.0159547600
       -0.0294709600
       -0.0406601000
       -0.0500963300
       -0.0581299000
       -0.0643470000
       -0.0666113800
       -0.0653374800
       -0.0629162300
       -0.0610051100
       -0.0583607400
       -0.0540589800
       -0.0505221600
       -0.0489936500
       -0.0465088400
       -0.0407726800
       -0.0351960400
       -0.0351337600
       -0.0400758100
       -0.0430098800
       -0.0410671800
       -0.0385507600
       -0.0386798800
       -0.0399563200
       -0.0395117600
       -0.0373459500
       -0.0357858400
       -0.0386243200
       -0.0454155100
       -0.0526211700
       -0.0573086600
       -0.0592548500
       -0.0584599400
       -0.0543819300
       -0.0479452300
       -0.0413808600
       -0.0369523300
       -0.0346274600
       -0.0326215000
       -0.0300414400
       -0.0290873000
       -0.0313843400
       -0.0349565300
       -0.0393255400
       -0.0448103400
       -0.0484144900
       -0.0492456700
       -0.0477497500
       -0.0436403500
       -0.0366621200
       -0.0264646600
       -0.0156931400
       -0.0075994270
       -0.0023422560
        0.0021495850
        0.0088409940
        0.0197395500
        0.0347184700
        0.0512270500
        0.0649946900
        0.0741083300
        0.0791741800
        0.0815940900
        0.0824202000
        0.0824495200
        0.0825426100
        0.0814881900
        0.0772780400
        0.0673623000
        0.0525697400
        0.0374582300
        0.0257251700
        0.0187098400
        0.0144675700
        0.0098427970
        0.0035604960
       -0.0032637840
       -0.0087811820
       -0.0120036400
       -0.0131222800
       -0.0131572900
       -0.0120129100
       -0.0094022960
       -0.0061222160
       -0.0034478570
       -0.0022397370
       -0.0015098490
        0.0000170029
        0.0025638690
        0.0051106940
        0.0068605040
        0.0076541980
        0.0085752190
        0.0107076400
        0.0137961300
        0.0164385000
        0.0179332400
        0.0178662100
        0.0155678500
        0.0117076400
        0.0088991970
        0.0079713370
        0.0090515910
        0.0114068400
        0.0129970900
        0.0123880600
        0.0095157970
        0.0062927970
        0.0049823460
        0.0073692960
        0.0135175700
        0.0204945600
        0.0242841800
        0.0229737500
        0.0179020800
        0.0120652300
        0.0083640190
        0.0069259800
        0.0069222350
        0.0069184540
        0.0051615350
        0.0014921820
       -0.0026872960
       -0.0057511450
       -0.0065837640
       -0.0048663920
       -0.0016190430
        0.0020746060
        0.0048438860
        0.0056687930
        0.0039754490
        0.0024734490
        0.0040632040
        0.0089680370
        0.0151796400
        0.0201482000
        0.0215786900
        0.0187378400
        0.0148132800
        0.0117810800
        0.0103745400
        0.0104980100
        0.0109402200
        0.0101711500
        0.0077446040
        0.0049674330
        0.0032101510
        0.0030466970
        0.0031063470
        0.0013490390
       -0.0016195340
       -0.0032812090
       -0.0043371900
       -0.0064770580
       -0.0098599980
       -0.0124142200
       -0.0118447400
       -0.0076095790
       -0.0023544950
        0.0012751780
        0.0006971289
       -0.0030045990
       -0.0063876270
       -0.0072206700
       -0.0046430710
       -0.0008223368
        0.0008946609
       -0.0017870720
       -0.0074332830
       -0.0121551500
       -0.0135301300
       -0.0116219800
       -0.0082795540
       -0.0044269630
       -0.0004788424
        0.0033737880
        0.0060787610
        0.0073814130
        0.0063570730
        0.0035477620
        0.0001645154
       -0.0020711410
       -0.0022031020
       -0.0009005390
        0.0000193324
        0.0001424606
        0.0010623760
        0.0045961470
        0.0114128700
        0.0209710400
        0.0303696900
        0.0360072800
        0.0373734600
        0.0372416600
        0.0384484800
        0.0403566100
        0.0416909500
        0.0417504900
        0.0406305400
        0.0386815900
        0.0367966100
        0.0354852800
        0.0355765500
        0.0365921000
        0.0379582800
        0.0390696400
        0.0386827900
        0.0366063900
        0.0330639900
        0.0280233400
        0.0230145600
        0.0185795000
        0.0149731900
        0.0112394200
        0.0078562510
        0.0056522900
        0.0049466080
        0.0049421150
        0.0054796260
        0.0065589050
        0.0082119990
        0.0099288420
        0.0111675500
        0.0111631400
        0.0098837980
        0.0075206380
        0.0044244570
        0.0011050270
       -0.0022144530
       -0.0054064390
       -0.0071639470
       -0.0064353250
       -0.0028697920
        0.0027359000
        0.0099352250
        0.0181546300
        0.0259915700
        0.0312467200
        0.0327087700
        0.0310151500
        0.0276959400
        0.0237072500
        0.0194317900
        0.0146462100
        0.0100201400
        0.0053620590
        0.0018833360
        0.0001577001
        0.0001852634
        0.0011691130
        0.0018023880
        0.0016387750
        0.0008376397
        0.0007058556
        0.0021678950
        0.0052236410
        0.0085026630
        0.0097734850
        0.0081756450
        0.0032945300
       -0.0025745710
       -0.0071688250
       -0.0096592120
       -0.0105558800
       -0.0113887100
       -0.0129866200
       -0.0156681900
       -0.0182223400
       -0.0200751600
       -0.0210993400
       -0.0212946700
       -0.0205019000
       -0.0187209500
       -0.0170675200
       -0.0161152700
       -0.0164698600
       -0.0171432700
       -0.0176254200
       -0.0173743800
       -0.0167727100
       -0.0169359600
       -0.0185973900
       -0.0210238100
       -0.0230677100
       -0.0235178900
       -0.0228206000
       -0.0212945200
       -0.0193858300
       -0.0166484900
       -0.0126998100
       -0.0083048960
       -0.0044836450
       -0.0020011660
       -0.0002518041
        0.0004458263
       -0.0020122820
       -0.0063509870
       -0.0090641550
       -0.0085578960
       -0.0065534020
       -0.0041665190
       -0.0018432150
        0.0004800875
        0.0029308180
        0.0048716800
        0.0052824930
        0.0035577020
        0.0009723503
       -0.0006887855
       -0.0006603988
        0.0008980313
        0.0018189030
        0.0007636485
       -0.0017261330
       -0.0041838640
       -0.0070879470
       -0.0099919160
       -0.0125135200
       -0.0134412500
       -0.0125520800
       -0.0104836000
       -0.0099131420
       -0.0113189500
       -0.0134897200
       -0.0143536300
       -0.0115838600
       -0.0050527680
        0.0035503370
        0.0127590100
        0.0209159800
        0.0270965900
        0.0311098300
        0.0334973300
        0.0350244100
        0.0363283100
        0.0381740200
        0.0406572900
        0.0432362400
        0.0454327700
        0.0471192200
        0.0474033400
        0.0461257100
        0.0439235200
        0.0410517300
        0.0371602900
        0.0325356300
        0.0274647900
        0.0222026200
        0.0168130700
        0.0116784800
        0.0063208690
        0.0003255809
       -0.0050958630
       -0.0066604710
       -0.0061529720
       -0.0128812800
       -0.0181113400
       -0.0165521500
       -0.0183077100
       -0.0229640000
       -0.0268551200
       -0.0311607600
       -0.0370281100
       -0.0437243500
       -0.0504842000
       -0.0567025400
       -0.0612312000
       -0.0638153800
       -0.0652202800
       -0.0646809600
       -0.0615914000
       -0.0568124900
       -0.0520654500
       -0.0477967000
       -0.0445157000
       -0.0423819100
       -0.0413321400
       -0.0406966600
       -0.0400612700
       -0.0396489100
       -0.0389497600
       -0.0374536100
       -0.0345869300
       -0.0301582000
       -0.0243907900
       -0.0185913800
       -0.0135252100
       -0.0103394300
       -0.0097356030
       -0.0102473500
       -0.0101216600
       -0.0087527390
       -0.0072882520
       -0.0062061370
       -0.0052196760
       -0.0037231790
       -0.0020673380
       -0.0012401090
       -0.0011779550
       -0.0005419509
        0.0010503640
        0.0023876930
        0.0022587450
        0.0005361239
       -0.0026847200
       -0.0062880460
       -0.0082657380
       -0.0085538670
       -0.0078221890
       -0.0063890470
       -0.0031391610
        0.0030433870
        0.0104371200
        0.0155361000
        0.0156944100
        0.0129839100
        0.0111022000
        0.0120254700
        0.0137775800
        0.0147009500
        0.0139668900
        0.0124678300
        0.0115106000
        0.0111909200
        0.0116044200
        0.0128466700
        0.0143758200
        0.0150763100
        0.0138643100
        0.0108673900
        0.0073923160
        0.0046821630
        0.0034701710
        0.0041070070
        0.0056045030
        0.0080582410
        0.0101295600
        0.0118184600
        0.0127104400
        0.0134749000
        0.0147176000
        0.0160559500
        0.0165336200
        0.0160551800
        0.0153853900
        0.0151620400
        0.0147792400
        0.0139182600
        0.0129936800
        0.0128659600
        0.0132800800
        0.0137581000
        0.0128017200
        0.0110804000
        0.0091996080
        0.0077969880
        0.0068725880
        0.0069043710
        0.0084662470
        0.0118768300
        0.0164987800
        0.0205789600
        0.0234159400
        0.0248185800
        0.0252650600
        0.0249785100
        0.0241500300
        0.0221103200
        0.0192418900
        0.0164372500
        0.0142381600
        0.0128678300
        0.0128362700
        0.0138248300
        0.0146858500
        0.0150687700
        0.0152605400
        0.0158667400
        0.0171741200
        0.0183859200
        0.0179085100
        0.0158691600
        0.0128416800
        0.0092723220
        0.0058942830
        0.0036637020
        0.0032181810
        0.0031870600
        0.0036341140
        0.0042404740
        0.0043050800
        0.0050709030
        0.0062830740
        0.0073359240
        0.0083569100
        0.0094416160
        0.0091239400
        0.0074355480
        0.0048229120
        0.0021146200
       -0.0003068419
       -0.0031426600
       -0.0060102680
       -0.0076028400
       -0.0077928890
       -0.0078873680
       -0.0079498630
       -0.0077254370
       -0.0068953810
       -0.0063840900
       -0.0064146580
       -0.0064451120
       -0.0066031350
       -0.0071754890
       -0.0078115400
       -0.0081925850
       -0.0083504160
       -0.0087951930
       -0.0096224090
       -0.0106408200
       -0.0116592500
       -0.0123270900
       -0.0112098200
       -0.0081163370
       -0.0046084380
       -0.0019929710
        0.0000487486
        0.0013893710
        0.0021561300
        0.0029229440
        0.0040084910
        0.0055403500
        0.0074865270
        0.0086359760
        0.0091160690
        0.0098192330
        0.0102355100
        0.0100781800
        0.0097295060
        0.0091577810
        0.0084585800
        0.0078869060
        0.0073790030
        0.0071580210
        0.0073514080
        0.0076723230
        0.0083438190
        0.0084416940
        0.0083482530
        0.0075217740
        0.0060578070
        0.0040838120
        0.0019823780
        0.0001996786
       -0.0008499118
       -0.0008793974
       -0.0001120239
        0.0013566200
        0.0028890410
        0.0045171630
        0.0059858850
        0.0072314640
        0.0081264880
        0.0082565240
        0.0075578410
        0.0064766960
        0.0051724700
        0.0033262860
        0.0013845000
       -0.0004616349
       -0.0016064740
       -0.0015082410
       -0.0003580600
        0.0018122520
        0.0047474860
        0.0078102410
        0.0097255320
        0.0101426800
        0.0089980230
        0.0069608500
        0.0046368870
        0.0031415640
        0.0022838820
        0.0021273310
        0.0023215020
        0.0029938440
        0.0042718000
        0.0060278360
        0.0078477670
        0.0085201290
        0.0075031920
        0.0049562070
        0.0022180410
        0.0003405152
       -0.0010270610
       -0.0016934190
       -0.0019133640
       -0.0019102700
       -0.0015883650
       -0.0012664450
       -0.0010401810
       -0.0004950690
        0.0002094060
        0.0012645360
        0.0021283760
        0.0026416420
        0.0019437090
       -0.0004117651
       -0.0035641000
       -0.0063339130
       -0.0075418390
       -0.0070604500
       -0.0059733400
       -0.0053005750
       -0.0053291110
       -0.0048157210
       -0.0028998200
        0.0002592794
        0.0031634240
        0.0040274830
        0.0016722690
       -0.0023724460
       -0.0060345240
       -0.0082623000
       -0.0085457360
       -0.0072035000
       -0.0049049660
       -0.0030207370
       -0.0024115810
       -0.0028542670
       -0.0032012460
       -0.0034526270
       -0.0039590110
       -0.0043060690
       -0.0043024350
       -0.0038843660
       -0.0037213860
       -0.0036858070
       -0.0036503080
       -0.0033916160
       -0.0025272530
       -0.0010892210
        0.0001576783
        0.0003526683
       -0.0010142520
       -0.0031460990
       -0.0048636040
       -0.0052742620
       -0.0047923380
       -0.0034498120
       -0.0015654730
        0.0006696896
        0.0034465490
        0.0063191510
        0.0078211750
        0.0074743470
        0.0060119510
        0.0047408090
        0.0046171530
        0.0054497660
        0.0063461410
        0.0061907360
        0.0059396170
        0.0061347330
        0.0069354420
        0.0084056000
        0.0101307600
        0.0120471700
        0.0138680300
        0.0153063300
        0.0158840400
        0.0157923900
        0.0161788400
        0.0170115600
        0.0185455300
        0.0198882500
        0.0209759900
        0.0214581400
        0.0216533900
        0.0216254900
        0.0213425800
        0.0211872500
        0.0210956100
        0.0218645800
        0.0226973800
        0.0232114400
        0.0237574300
        0.0243032200
        0.0244029900
        0.0236738600
        0.0224029600
        0.0211001700
        0.0193511000
        0.0173789500
        0.0158212300
        0.0143269700
        0.0125460900
        0.0102550800
        0.0081554580
        0.0063106880
        0.0048167310
        0.0035138130
        0.0023066830
        0.0014819300
        0.0008167297
        0.0004063130
       -0.0004182944
       -0.0016892780
       -0.0034701350
       -0.0055380740
       -0.0074464380
       -0.0092274130
       -0.0112632800
       -0.0134905300
       -0.0159407300
       -0.0176261500
       -0.0182276100
       -0.0188611500
       -0.0198452200
       -0.0208930000
       -0.0216220700
       -0.0220961700
       -0.0226020700
       -0.0226299900
       -0.0226258900
       -0.0235144700
       -0.0246579100
       -0.0252912800
       -0.0255422300
       -0.0252194700
       -0.0239404100
       -0.0228206900
       -0.0224660500
       -0.0233863900
       -0.0249760700
       -0.0263745100
       -0.0270399200
       -0.0269402700
       -0.0269681700
       -0.0269641700
       -0.0264182400
       -0.0251712600
       -0.0237328300
       -0.0221987500
       -0.0205691900
       -0.0188757700
       -0.0170230300
       -0.0155527600
       -0.0150706800
       -0.0154492100
       -0.0160508000
       -0.0164293000
       -0.0163616000
       -0.0163576600
       -0.0168956200
       -0.0173697700
       -0.0180352400
       -0.0193064700
       -0.0210238000
       -0.0219440300
       -0.0212708100
       -0.0190674400
       -0.0165454800
       -0.0144695900
       -0.0133501300
       -0.0129318100
       -0.0130554200
       -0.0135934100
       -0.0151195300
       -0.0169962500
       -0.0186499100
       -0.0198572900
       -0.0203316600
       -0.0200409700
       -0.0192084300
       -0.0173877100
       -0.0147382700
       -0.0116744400
       -0.0083238630
       -0.0050368460
       -0.0020368370
        0.0001344808
        0.0011901780
        0.0012257990
        0.0004008023
       -0.0006154281
       -0.0017273800
       -0.0025204680
       -0.0028674580
       -0.0023218250
       -0.0012025610
        0.0001080736
        0.0013549200
        0.0018048640
        0.0013941070
        0.0008240177
        0.0005089109
        0.0000343605
       -0.0006632494
       -0.0018071280
       -0.0033653490
       -0.0050511870
       -0.0069601010
       -0.0087733690
       -0.0106823200
       -0.0116988500
       -0.0115678400
       -0.0114367700
       -0.0116245200
       -0.0119397800
       -0.0112670000
       -0.0103710200
       -0.0092838100
       -0.0088659390
       -0.0089899920
       -0.0095284590
       -0.0103538000
       -0.0109879100
       -0.0110483000
       -0.0105029900
       -0.0100215700
       -0.0094125930
       -0.0080067720
       -0.0063777830
       -0.0053225510
       -0.0050323860
       -0.0056665910
       -0.0074482800
       -0.0091981120
       -0.0092586310
       -0.0080123400
       -0.0063833990
       -0.0049776960
       -0.0046557260
       -0.0052900340
       -0.0066575160
       -0.0071643810
       -0.0065555810
       -0.0053412130
       -0.0042224780
       -0.0029443940
       -0.0017937760
       -0.0012487700
       -0.0017238450
       -0.0026770480
       -0.0036940090
       -0.0041690720
       -0.0042617190
       -0.0043224860
       -0.0048294980
       -0.0064202840
       -0.0083298310
       -0.0090919370
       -0.0081965760
       -0.0059624440
       -0.0038238160
       -0.0030241300
       -0.0036905580
       -0.0049946560
       -0.0065218030
       -0.0073158510
       -0.0073449870
       -0.0064178300
       -0.0050762780
       -0.0032248250
       -0.0010227420
        0.0011793750
        0.0029353030
        0.0040217280
        0.0046619630
        0.0051746240
        0.0047310410
        0.0037454760
        0.0031425290
        0.0037506550
        0.0050282560
        0.0064970400
        0.0079658910
        0.0088291010
        0.0090866410
        0.0085472170
        0.0078804140
        0.0068946950
        0.0066421570
        0.0068995720
        0.0076670450
        0.0084982040
        0.0086599900
        0.0083436040
        0.0079952860
        0.0081888570
        0.0087968540
        0.0096916440
        0.0106502100
        0.0115130700
        0.0118340600
        0.0111669900
        0.0098623100
        0.0081752030
        0.0063923810
        0.0043545530
        0.0021892000
        0.0001193834
       -0.0006435286
        0.0002191045
        0.0027075370
        0.0059608290
        0.0085766530
        0.0098855160
        0.0091863360
        0.0065427970
        0.0024010230
       -0.0015177040
       -0.0040339770
       -0.0046376890
       -0.0033608010
       -0.0009683971
        0.0016473350
        0.0044222390
        0.0067510160
        0.0083465770
        0.0092727340
        0.0099119990
        0.0109019500
        0.0120192800
        0.0126267300
        0.0119590400
        0.0096019860
        0.0064161700
        0.0037722390
        0.0027538310
        0.0036479240
        0.0063587990
        0.0098348470
        0.0125457500
        0.0146829500
        0.0165650600
        0.0184153800
        0.0194369100
        0.0193746700
        0.0173043800
        0.0136083700
        0.0088285880
        0.0036342810
       -0.0006993373
       -0.0035349590
       -0.0043624100
       -0.0034367070
       -0.0016823590
        0.0007414200
        0.0033246200
        0.0058758770
        0.0077896330
        0.0086196350
        0.0085890450
        0.0080802380
        0.0067745120
        0.0047994210
        0.0026968160
        0.0007854034
       -0.0008391668
       -0.0023999370
       -0.0040563780
       -0.0057128760
       -0.0065725530
       -0.0063166200
       -0.0048812450
       -0.0024259590
        0.0009537115
        0.0047160170
        0.0076812810
        0.0088297130
        0.0077788220
        0.0051022100
        0.0016605760
       -0.0017174830
       -0.0042985090
       -0.0057322060
       -0.0062732930
       -0.0058582650
       -0.0043913060
       -0.0024461940
       -0.0005329987
        0.0001052107
       -0.0003722938
       -0.0013916540
       -0.0026978540
       -0.0041316810
       -0.0058841730
       -0.0072224020
       -0.0077318820
       -0.0075720300
       -0.0070933630
       -0.0070291460
       -0.0068693740
       -0.0061039370
       -0.0039997860
       -0.0012261890
        0.0013879630
        0.0025040640
        0.0021537880
        0.0009747239
       -0.0002362014
       -0.0011921360
       -0.0022436730
       -0.0027534150
       -0.0029763520
       -0.0028166770
       -0.0029758970
       -0.0033262800
       -0.0031030380
       -0.0028478760
       -0.0024333260
       -0.0016044660
        0.0002443727
        0.0028901930
        0.0052808300
        0.0067471820
        0.0074166440
        0.0073847660
        0.0072254510
        0.0064922910
        0.0052810080
        0.0044841420
        0.0043565660
        0.0049302460
        0.0059501300
        0.0071293570
        0.0081492150
        0.0090097930
        0.0098701930
        0.0109856800
        0.0119098100
        0.0121965500
        0.0115269000
        0.0101879100
        0.0087214010
        0.0075418000
        0.0070314980
        0.0067442470
        0.0062339170
        0.0054685690
        0.0047988780
        0.0041609870
        0.0038736560
        0.0038094910
        0.0041915510
        0.0047010900
        0.0049875450
        0.0051463840
        0.0051140540
        0.0054960270
        0.0062285580
        0.0073755190
        0.0088093750
        0.0101156200
        0.0109437700
        0.0107519400
        0.0094125750
        0.0077544250
        0.0068612480
        0.0070518280
        0.0078480520
        0.0084848240
        0.0090259220
        0.0091846110
        0.0088331820
        0.0085773990
        0.0084810330
        0.0090858090
        0.0095949890
        0.0097535570
        0.0098164620
        0.0105805900
        0.0116315500
        0.0124913300
        0.0125542000
        0.0120751500
        0.0108949000
        0.0095869420
        0.0081834830
        0.0072581450
        0.0067152240
        0.0066823470
        0.0070318920
        0.0070945880
        0.0066791990
        0.0065505850
        0.0067407430
        0.0076958670
        0.0092884950
        0.0106261100
        0.0115493000
        0.0115163400
        0.0108776900
        0.0093464590
        0.0071458550
        0.0047540280
        0.0028721210
        0.0018508230
        0.0016264850
        0.0019439250
        0.0028351260
        0.0040131090
        0.0052230590
        0.0056679640
        0.0051248280
        0.0037209420
        0.0020620910
        0.0004349859
       -0.0009689138
       -0.0019903670
       -0.0026292880
       -0.0030770170
       -0.0037159750
       -0.0043549770
       -0.0050577150
       -0.0052505150
       -0.0043595450
       -0.0026717690
       -0.0007926222
        0.0000345669
       -0.0002538977
       -0.0010204870
       -0.0021058160
       -0.0032230330
       -0.0042128250
       -0.0048200530
       -0.0047898690
       -0.0046640490
       -0.0048569590
       -0.0053686570
       -0.0059759040
       -0.0070933250
       -0.0084337860
       -0.0100611000
       -0.0115291000
       -0.0125828500
       -0.0125846400
       -0.0118214700
       -0.0110582800
       -0.0103270000
       -0.0098825770
       -0.0095655870
       -0.0093124390
       -0.0088999670
       -0.0083280970
       -0.0080749640
       -0.0081086820
       -0.0084293520
       -0.0086544520
       -0.0088476160
       -0.0089451430
       -0.0088515360
       -0.0083435210
       -0.0074529840
       -0.0064668080
       -0.0052575780
       -0.0038252770
       -0.0023290850
       -0.0008648724
        0.0007268509
        0.0018723030
        0.0023484400
        0.0023782020
        0.0019298830
        0.0014177920
        0.0008419498
        0.0005529069
        0.0004232840
        0.0003573933
        0.0003552537
        0.0006400186
        0.0010841100
        0.0015600990
        0.0018447420
        0.0021932260
        0.0025415990
        0.0034956310
        0.0045771700
        0.0054037070
        0.0050189910
        0.0038374290
        0.0023369860
        0.0013147130
        0.0006749243
        0.0001307115
        0.0001603284
        0.0006042772
        0.0011119500
        0.0013008740
        0.0011710370
        0.0007224588
        0.0000825956
       -0.0003979381
       -0.0008465675
       -0.0008489457
       -0.0006919177
       -0.0001843129
        0.0005782749
        0.0014683660
        0.0024859540
        0.0030254830
        0.0024493190
        0.0009487299
       -0.0010619290
       -0.0031362210
       -0.0047324380
       -0.0056593480
       -0.0056936870
       -0.0047718690
       -0.0033081240
       -0.0018124550
       -0.0008587167
       -0.0007337209
       -0.0012462410
       -0.0018225140
       -0.0024625680
       -0.0031663590
       -0.0038383470
       -0.0045739800
       -0.0055965880
       -0.0065873540
       -0.0070361870
       -0.0072618620
       -0.0069457350
       -0.0062152750
       -0.0048791430
       -0.0032242730
       -0.0016331550
       -0.0001695184
        0.0003378664
       -0.0002065623
       -0.0016436320
       -0.0036543360
       -0.0053782710
       -0.0067834300
       -0.0078699280
       -0.0087332930
       -0.0094372030
       -0.0100774000
       -0.0104626400
       -0.0104016200
       -0.0096393390
       -0.0078570690
       -0.0058198090
       -0.0040693380
       -0.0033389620
       -0.0035966560
       -0.0048743980
       -0.0067896100
       -0.0094379360
       -0.0125963600
       -0.0153404600
       -0.0173832500
       -0.0183740900
       -0.0186000700
       -0.0181566500
       -0.0173625500
       -0.0165047700
       -0.0154238300
       -0.0141516800
       -0.0128475600
       -0.0123722600
       -0.0127256500
       -0.0135891600
       -0.0147713000
       -0.0163998400
       -0.0183469900
       -0.0202307100
       -0.0215723500
       -0.0217025300
       -0.0209085100
       -0.0195407600
       -0.0173761700
       -0.0151795500
       -0.0130787000
       -0.0113603000
       -0.0104707000
       -0.0102504300
       -0.0101576800
       -0.0095230420
       -0.0086653990
       -0.0075207510
       -0.0067267480
       -0.0062515470
       -0.0063819730
       -0.0068310710
       -0.0069933320
       -0.0061993900
       -0.0047679130
       -0.0034639560
       -0.0029568830
       -0.0028640980
       -0.0029627270
       -0.0029018630
       -0.0024903910
       -0.0023977120
       -0.0023369160
       -0.0023078910
       -0.0025658460
       -0.0029831850
       -0.0034004980
       -0.0036583920
       -0.0033108030
       -0.0028355450
       -0.0018185410
       -0.0006421251
        0.0004705627
        0.0017745760
        0.0030465850
        0.0041911630
        0.0052719180
        0.0063208380
        0.0072422680
        0.0083231100
        0.0092444460
        0.0101340700
        0.0109280000
        0.0114988000
        0.0114639100
        0.0108872400
        0.0103742500
        0.0101482200
        0.0100177500
        0.0100785700
        0.0101074200
        0.0107738700
        0.0117271500
        0.0119792400
        0.0105737700
        0.0082758140
        0.0062008950
        0.0054011100
        0.0059718390
        0.0077219110
        0.0099820850
        0.0120191300
        0.0129405000
        0.0123957100
        0.0111177500
        0.0099035430
        0.0095180470
        0.0100250600
        0.0105958300
        0.0107203900
        0.0101436700
        0.0096625200
        0.0095957930
        0.0100391000
        0.0109286200
        0.0115950600
        0.0120064200
        0.0118759700
        0.0107892800
        0.0092244750
        0.0076915020
        0.0068916050
        0.0067930470
        0.0072681370
        0.0080301650
        0.0086966440
        0.0091080070
        0.0094557290
        0.0094527900
        0.0090991960
        0.0083631700
        0.0074995010
        0.0068590430
        0.0064098380
        0.0059606410
        0.0055114280
        0.0051579020
        0.0055055270
        0.0057257530
        0.0060415480
        0.0059748660
        0.0055256820
        0.0046302560
        0.0034478830
        0.0024249360
        0.0023264040
        0.0033115260
        0.0050298320
        0.0070031480
        0.0085621780
        0.0093242850
        0.0088113840
        0.0074697430
        0.0058730930
        0.0044357540
        0.0034765840
        0.0022624410
        0.0006020281
       -0.0010903060
       -0.0023682320
       -0.0028492310
       -0.0024696720
       -0.0016438530
       -0.0001804738
        0.0014103740
        0.0026187560
        0.0034765480
        0.0038880040
        0.0042995540
        0.0044560360
        0.0043256650
        0.0035259780
        0.0022481160
        0.0009065067
       -0.0001482953
       -0.0005336626
       -0.0001540401
        0.0008312814
        0.0025496510
        0.0045548930
        0.0067832950
        0.0083104990
        0.0089133580
        0.0086236250
        0.0075690030
        0.0061637110
        0.0047583930
        0.0037036370
        0.0029040080
        0.0022637020
        0.0017189610
        0.0016524060
        0.0017133510
        0.0021249810
        0.0030464970
        0.0041912050
        0.0051446720
        0.0054606580
        0.0050435710
        0.0042758010
        0.0038267610
        0.0042383300
        0.0053193070
        0.0061772290
        0.0069394760
        0.0077654900
        0.0087827570
        0.0098000320
        0.0103391400
        0.0100496400
        0.0092181830
        0.0085141750
        0.0085114720
        0.0084768370
        0.0078048350
        0.0065589480
        0.0059506620
        0.0065535440
        0.0079215340
        0.0088113500
        0.0088724440
        0.0088060370
        0.0088033960
        0.0083225590
        0.0077461670
        0.0077117210
        0.0083465840
        0.0086944750
        0.0083731170
        0.0077967270
        0.0073798080
        0.0068989910
        0.0057808500
        0.0036107280
        0.0013449660
       -0.0004108490
       -0.0016884270
       -0.0031573090
       -0.0040842230
       -0.0042143450
       -0.0039301030
       -0.0031995450
       -0.0023733470
       -0.0017384280
       -0.0008803944
       -0.0004685215
       -0.0010447790
       -0.0023542540
       -0.0037592730
       -0.0047499160
       -0.0053581090
       -0.0061574690
       -0.0069569010
       -0.0074694490
       -0.0077587760
       -0.0077932310
       -0.0078594740
       -0.0073520220
       -0.0065894980
       -0.0058587810
       -0.0056381610
       -0.0060231370
       -0.0062486640
       -0.0065698740
       -0.0070823160
       -0.0074354710
       -0.0072784950
       -0.0067709290
       -0.0061995940
       -0.0056920250
       -0.0056944240
       -0.0061750070
       -0.0069104600
       -0.0075503950
       -0.0084134590
       -0.0094676480
       -0.0109044500
       -0.0119586800
       -0.0123117600
       -0.0118359800
       -0.0111052600
       -0.0102469900
       -0.0093250180
       -0.0081479150
       -0.0073852430
       -0.0073875730
       -0.0074218230
       -0.0072009710
       -0.0070757690
       -0.0074606530
       -0.0079411470
       -0.0084533490
       -0.0093481370
       -0.0100516500
       -0.0105957600
       -0.0103111800
       -0.0091977810
       -0.0079569680
       -0.0070985510
       -0.0067182580
       -0.0063699310
       -0.0058621490
       -0.0052587080
       -0.0048146530
       -0.0049125350
       -0.0053928280
       -0.0058412840
       -0.0056841250
       -0.0052718880
       -0.0049553080
       -0.0051169130
       -0.0052146310
       -0.0054399730
       -0.0052189600
       -0.0046793010
       -0.0038844990
       -0.0032491380
       -0.0026456840
       -0.0024246330
       -0.0026179740
       -0.0031938380
       -0.0038334480
       -0.0038675040
       -0.0033276350
       -0.0023416540
       -0.0014192960
       -0.0007520606
       -0.0000528558
        0.0010926700
        0.0026843990
        0.0039573430
        0.0045928250
        0.0043676170
        0.0039831270
        0.0036623480
        0.0036603450
        0.0038495840
        0.0043257920
        0.0045150440
        0.0047361250
        0.0046703940
        0.0048596860
        0.0059414630
        0.0074695210
        0.0086470060
        0.0085494340
        0.0077187600
        0.0066649990
        0.0060574170
        0.0057367610
        0.0056073630
        0.0049361430
        0.0041373370
        0.0029561400
        0.0019342520
        0.0010716840
        0.0007192398
        0.0012591950
        0.0018310990
        0.0019886760
        0.0013493520
       -0.0000550861
       -0.0013956600
       -0.0024174910
       -0.0028336300
       -0.0024211250
       -0.0016260000
       -0.0010540360
       -0.0011195670
       -0.0015038410
       -0.0018881220
       -0.0021448840
       -0.0020510730
       -0.0015108960
       -0.0007158189
       -0.0000481208
       -0.0001455102
       -0.0008165510
       -0.0019976870
       -0.0031149730
       -0.0038816680
       -0.0048078070
       -0.0056063140
       -0.0065005060
       -0.0072991120
       -0.0078108260
       -0.0082587600
       -0.0083878860
       -0.0081345510
       -0.0071161940
       -0.0060340920
       -0.0051432030
       -0.0048260690
       -0.0050826760
       -0.0054667890
       -0.0062333640
       -0.0071912060
       -0.0083403020
       -0.0096168900
       -0.0106384700
       -0.0110543800
       -0.0110241700
       -0.0103882500
       -0.0094653340
       -0.0084150760
       -0.0072371720
       -0.0063144030
       -0.0054871430
       -0.0047874220
       -0.0040557360
       -0.0035154280
       -0.0032299570
       -0.0034226990
       -0.0036791640
       -0.0039356530
       -0.0038733570
       -0.0036517570
       -0.0033982190
       -0.0033677590
       -0.0034010760
       -0.0040400260
       -0.0042326870
       -0.0041384630
       -0.0031517820
       -0.0014957200
        0.0003835856
        0.0021353510
        0.0033770740
        0.0039176130
        0.0041075250
        0.0042973970
        0.0050610630
        0.0059522040
        0.0064609170
        0.0063639070
        0.0057570130
        0.0043850170
        0.0032362110
        0.0025336360
        0.0025960790
        0.0035191990
        0.0045697550
        0.0055247250
        0.0058103920
        0.0058091340
        0.0051384760
        0.0044359790
        0.0037334930
        0.0031266750
        0.0028704650
        0.0026779740
        0.0023260750
        0.0021017810
        0.0017818330
        0.0011749470
        0.0007594264
        0.0007262987
        0.0012670480
        0.0023814310
        0.0037827760
        0.0047697900
        0.0050554980
        0.0048312840
        0.0040969710
        0.0035220830
        0.0031384760
        0.0033923410
        0.0041562180
        0.0045695390
        0.0043452860
        0.0038023710
        0.0031637830
        0.0031307750
        0.0033528840
        0.0040530550
        0.0047850770
        0.0051347050
        0.0051974290
        0.0052282170
        0.0056734380
        0.0062461650
        0.0065958760
        0.0064992000
        0.0060519110
        0.0051584290
        0.0043924320
        0.0039133720
        0.0041992050
        0.0044214150
        0.0048347850
        0.0048657610
        0.0045141180
        0.0042581850
        0.0039704170
        0.0037782360
        0.0037773080
        0.0037444720
        0.0037754950
        0.0036151810
        0.0030405160
        0.0021790650
        0.0012856680
        0.0006472965
        0.0002957345
        0.0000717984
        0.0000070743
       -0.0001531008
       -0.0004408804
       -0.0009517211
       -0.0013031480
       -0.0013039850
       -0.0010179870
       -0.0007638022
       -0.0003183721
       -0.0001597441
       -0.0003199646
       -0.0008944971
       -0.0019152890
       -0.0026810760
       -0.0030643640
       -0.0024913820
       -0.0018227380
       -0.0011859830
       -0.0011229710
       -0.0016974450
       -0.0025588670
       -0.0031333580
       -0.0032615880
       -0.0029753790
       -0.0024023590
       -0.0021162320
       -0.0021169130
       -0.0026276030
       -0.0034251160
       -0.0040633070
       -0.0043189810
       -0.0042878390
       -0.0042565920
       -0.0040979390
       -0.0040029120
       -0.0034935830
       -0.0020917240
       -0.0004668065
        0.0012857730
        0.0023051630
        0.0025915230
        0.0024634160
        0.0023033840
        0.0022390380
        0.0022066370
        0.0020148040
        0.0019504830
        0.0018542350
        0.0019174290
        0.0020125480
        0.0018844920
        0.0016607660
        0.0017877240
        0.0022653620
        0.0028385820
        0.0033161340
        0.0036981380
        0.0043032980
        0.0047171190
        0.0049078770
        0.0046205790
        0.0041100990
        0.0036633630
        0.0032484660
        0.0031204990
        0.0033112840
        0.0036295720
        0.0036610590
        0.0035649450
        0.0032457660
        0.0030540780
        0.0026074110
        0.0020651710
        0.0015228280
        0.0010761540
        0.0009801831
        0.0008841039
        0.0008518989
        0.0005645853
       -0.0000095333
       -0.0006155921
       -0.0011577850
       -0.0012856530
       -0.0016366860
       -0.0022745400
       -0.0031036290
       -0.0039964850
       -0.0047936420
       -0.0051765210
       -0.0049856110
       -0.0042209240
       -0.0032649830
       -0.0029147140
       -0.0033612490
       -0.0043496280
       -0.0054018420
       -0.0064539690
       -0.0071555170
       -0.0071557890
       -0.0069010730
       -0.0066782780
       -0.0070291080
       -0.0076668780
       -0.0081453200
       -0.0083687020
       -0.0078908920
       -0.0071898340
       -0.0064888380
       -0.0054053000
       -0.0041305350
       -0.0031744820
       -0.0025372060
       -0.0020592180
       -0.0012944320
       -0.0006890278
       -0.0006892139
       -0.0013268840
       -0.0019326370
       -0.0026340530
       -0.0031124130
       -0.0032081580
       -0.0026027640
       -0.0013916560
       -0.0001805636
        0.0004569124
        0.0006480166
        0.0006797203
        0.0008708325
        0.0011257220
        0.0014762750
        0.0019542380
        0.0026873030
        0.0031015470
        0.0028783790
        0.0023683010
        0.0016032140
        0.0011568810
        0.0009336294
        0.0008379663
        0.0009016455
        0.0010290800
        0.0007420999
       -0.0000229546
       -0.0010111850
       -0.0016487520
       -0.0013300570
       -0.0003419204
        0.0005505429
        0.0013792690
        0.0016980090
        0.0016024260
        0.0015386760
        0.0010924240
        0.0007417543
        0.0002636817
       -0.0005332307
       -0.0015213950
       -0.0026369650
       -0.0034019610
       -0.0032744550
       -0.0023182060
       -0.0006288618
        0.0008056121
        0.0016663520
        0.0017301700
        0.0014114960
        0.0004233903
       -0.0010109560
       -0.0025727450
       -0.0039114350
       -0.0052820240
       -0.0065887780
       -0.0074812190
       -0.0071624200
       -0.0056323300
       -0.0035922580
       -0.0021578270
       -0.0011695600
       -0.0004363619
        0.0003288396
        0.0011577220
        0.0017315850
        0.0021460540
        0.0026561850
        0.0029432730
        0.0028796590
        0.0022741320
        0.0013817800
        0.0005531838
        0.0002664954
        0.0005216470
        0.0012548670
        0.0022750390
        0.0036139520
        0.0046660640
        0.0053355810
        0.0054952140
        0.0055591600
        0.0052086910
        0.0046670750
        0.0037110550
        0.0025637430
        0.0015757530
        0.0008428870
        0.0004286639
        0.0002695428
        0.0004928299
        0.0009712302
        0.0016089570
        0.0024060130
        0.0031712460
        0.0037452470
        0.0039686840
        0.0038414440
        0.0034272790
        0.0027900510
        0.0021209900
        0.0012605770
        0.0006870834
        0.0001136064
       -0.0001730584
       -0.0004595973
       -0.0009055735
       -0.0013834640
       -0.0019569310
       -0.0025622110
       -0.0030719260
       -0.0031353940
       -0.0031032770
       -0.0029435540
       -0.0027519930
       -0.0024648700
       -0.0022413890
       -0.0021773230
       -0.0022089110
       -0.0021129170
       -0.0022720100
       -0.0022716790
       -0.0024306570
       -0.0027490830
       -0.0024619260
       -0.0018878430
       -0.0011543090
       -0.0004527220
       -0.0000380304
        0.0003449203
        0.0006958665
        0.0011743920
        0.0015253460
        0.0017169630
        0.0020680150
        0.0023871370
        0.0026743470
        0.0032166500
        0.0038863690
        0.0044286840
        0.0046841020
        0.0044295120
        0.0036649110
        0.0027090650
        0.0017850460
        0.0009886234
        0.0004152697
        0.0002244217
        0.0000016531
        0.0000020606
        0.0000662209
        0.0008635425
        0.0020114740
        0.0031593990
        0.0038610860
        0.0044033480
        0.0044038090
        0.0040855000
        0.0035759410
        0.0030663800
        0.0030668220
        0.0036091880
        0.0041833940
        0.0047576050
        0.0048855970
        0.0045991340
        0.0038345900
        0.0033250500
        0.0033574360
        0.0038997280
        0.0046333780
        0.0048251270
        0.0041243770
        0.0030091890
        0.0016071590
        0.0007151370
        0.0001737838
       -0.0000489232
        0.0000472305
        0.0004939609
        0.0010362810
        0.0015467620
        0.0020254340
        0.0026315050
        0.0033332610
        0.0040669400
        0.0048005230
        0.0051197880
        0.0050565680
        0.0048658280
        0.0045475800
        0.0046755980
        0.0049630550
        0.0052504010
        0.0054421770
        0.0053789650
        0.0054432640
        0.0056032200
        0.0061774830
        0.0068155320
        0.0071985780
        0.0071991390
        0.0065621770
        0.0054152480
        0.0039176170
        0.0023881740
        0.0010181200
        0.0004129999
        0.0000629582
       -0.0001278358
       -0.0006372948
       -0.0012423090
       -0.0016880220
       -0.0017831500
       -0.0013363430
       -0.0007301068
       -0.0002514727
        0.0000997713
        0.0001322596
       -0.0001222677
       -0.0005041980
       -0.0010454500
       -0.0013318070
       -0.0014905550
       -0.0016494160
       -0.0019675820
       -0.0023175880
       -0.0025082660
       -0.0020933830
       -0.0009771275
        0.0005216240
        0.0014147150
        0.0020846350
        0.0019896630
        0.0016077500
        0.0014808510
        0.0011945180
        0.0010357920
        0.0007494583
        0.0005588174
        0.0001450886
       -0.0003644010
       -0.0008738146
       -0.0011600380
       -0.0010638840
       -0.0009995348
       -0.0006164426
       -0.0002651554
        0.0000541975
       -0.0000089350
       -0.0002633324
       -0.0005814713
       -0.0009953032
       -0.0012496940
       -0.0013128410
       -0.0012484870
       -0.0009928881
       -0.0006097709
       -0.0003541597
       -0.0002260331
       -0.0005122462
       -0.0009578717
       -0.0015629350
       -0.0020723040
       -0.0026135270
       -0.0030910770
       -0.0034410430
       -0.0035679200
       -0.0035354920
       -0.0033754460
       -0.0032155060
       -0.0027048800
       -0.0021623390
       -0.0014604500
       -0.0014279970
       -0.0020648490
       -0.0030204960
       -0.0043266790
       -0.0056010500
       -0.0069710950
       -0.0077035710
       -0.0077666970
       -0.0074155100
       -0.0068729540
       -0.0066173460
       -0.0067123900
       -0.0072535770
       -0.0076991940
       -0.0079855120
       -0.0080167110
       -0.0082392600
       -0.0086529450
       -0.0093855410
       -0.0100542400
       -0.0103723400
       -0.0103717300
       -0.0100523700
       -0.0093505060
       -0.0087123730
       -0.0082017460
       -0.0080418060
       -0.0079455060
       -0.0081998620
       -0.0081674250
       -0.0080393040
       -0.0079430100
       -0.0078786310
       -0.0078461900
       -0.0076861910
       -0.0073668270
       -0.0070155640
       -0.0066642700
       -0.0064086250
       -0.0060255120
       -0.0057380400
       -0.0057054940
       -0.0056411160
       -0.0057042490
       -0.0057355250
       -0.0057986700
       -0.0060530360
       -0.0062755080
       -0.0060836180
       -0.0059236900
       -0.0054449000
       -0.0048387210
       -0.0043598910
       -0.0038492880
       -0.0033705810
       -0.0027005580
       -0.0021261640
       -0.0012330740
       -0.0003718596
        0.0001388546
        0.0006494998
        0.0008413478
        0.0010332420
        0.0011931620
        0.0016719820
        0.0022781520
        0.0028525530
        0.0032356530
        0.0036825220
        0.0041612970
        0.0047356830
        0.0051825340
        0.0055974910
        0.0060125220
        0.0061406700
        0.0063006010
        0.0062374640
        0.0060149950
        0.0057606250
        0.0055380550
        0.0052199190
        0.0051886950
        0.0052849010
        0.0052217490
        0.0051267660
        0.0048404360
        0.0045223000
        0.0044273200
        0.0043641770
        0.0043010250
        0.0039828970
        0.0036965740
        0.0031553460
        0.0024546930
        0.0017221120
        0.0009896250
        0.0007032819
        0.0005445433
        0.0005132017
        0.0005137826
        0.0004187976
        0.0001005387
       -0.0003769563
       -0.0008227251
       -0.0013232400
       -0.0016002920
       -0.0016539690
       -0.0017073290
       -0.0017285460
       -0.0016538500
       -0.0017062730
       -0.0021403100
       -0.0025416450
       -0.0028785630
       -0.0030236680
       -0.0030727150
       -0.0029622990
       -0.0025021110
       -0.0019152240
       -0.0011703350
       -0.0004266950
        0.0000303279
        0.0001062856
       -0.0002611455
       -0.0011021500
       -0.0019409610
       -0.0023664000
       -0.0024113520
       -0.0021716610
       -0.0015540260
       -0.0005283285
        0.0008405855
        0.0022993050
        0.0039727560
        0.0054200240
        0.0067670620
        0.0076068180
        0.0080037910
        0.0075224790
        0.0067293600
        0.0060009220
        0.0057108330
        0.0057947720
        0.0063437210
        0.0072618020
        0.0079261370
        0.0083070530
        0.0084371760
        0.0082560370
        0.0081670300
        0.0080770570
        0.0081400390
        0.0080167430
        0.0076165930
        0.0068496970
        0.0056577450
        0.0045024620
        0.0035668640
        0.0033062800
        0.0034418840
        0.0036063720
        0.0036782550
        0.0030230070
        0.0021905510
        0.0012427510
        0.0006625113
        0.0005065806
        0.0011310510
        0.0020198750
        0.0030807570
        0.0037455090
        0.0043151440
        0.0047606920
        0.0053201700
        0.0058444950
        0.0063337220
        0.0066114440
        0.0067092770
        0.0066582690
        0.0064892510
        0.0059409670
        0.0052799270
        0.0049430200
        0.0051004890
        0.0055154230
        0.0058674730
        0.0062147600
        0.0060694920
        0.0058382120
        0.0052937530
        0.0047534660
        0.0042741400
        0.0037702710
        0.0032705920
        0.0029161250
        0.0024240110
        0.0017682700
        0.0009514186
        0.0003102537
       -0.0000185102
       -0.0000667412
       -0.0000318314
       -0.0000251914
        0.0002008584
        0.0004238031
        0.0010804480
        0.0017829420
        0.0024762150
        0.0028354610
        0.0028927840
        0.0026259250
        0.0023346870
        0.0016458030
        0.0012310900
        0.0009801663
        0.0007847773
        0.0006176593
        0.0002423838
       -0.0001806607
       -0.0005200274
       -0.0009847801
       -0.0014432430
       -0.0018952790
       -0.0024177570
       -0.0028301170
       -0.0032615380
       -0.0037370530
       -0.0042301090
       -0.0046897380
       -0.0051415670
       -0.0055353240
       -0.0058470760
       -0.0059044930
       -0.0058113260
       -0.0055705850
       -0.0057982330
       -0.0061184050
       -0.0065534620
       -0.0067618310
       -0.0067961290
       -0.0068280380
       -0.0067379760
       -0.0064810140
       -0.0058237730
       -0.0049402190
       -0.0036949670
       -0.0025173250
       -0.0019653150
       -0.0021874690
       -0.0030279370
       -0.0037835460
       -0.0040672150
       -0.0037303860
       -0.0028554060
       -0.0017933590
       -0.0010649110
       -0.0007741813
       -0.0009552333
       -0.0015082250
       -0.0020941500
       -0.0020555370
       -0.0009944824
        0.0003269212
        0.0009104619
        0.0006672848
       -0.0001043562
       -0.0010510980
       -0.0018725740
       -0.0023406540
       -0.0021931660
       -0.0017162090
       -0.0013728770
       -0.0014881560
       -0.0017842590
       -0.0020124610
       -0.0021542860
       -0.0019311350
       -0.0016126510
       -0.0014001250
       -0.0014090020
       -0.0017504630
       -0.0022393210
       -0.0025222860
       -0.0025281010
       -0.0023797320
       -0.0019867320
       -0.0016403260
       -0.0015270860
       -0.0019200930
       -0.0023397470
       -0.0027111460
       -0.0028156410
       -0.0027524640
       -0.0023641900
       -0.0017693000
       -0.0015279000
       -0.0015933300
       -0.0019203980
       -0.0019931130
       -0.0019586970
       -0.0019414680
       -0.0019578970
       -0.0018708250
       -0.0016499300
       -0.0015181000
       -0.0015889060
       -0.0017725760
       -0.0020320570
       -0.0022503280
       -0.0025580000
       -0.0028230510
       -0.0027119690
       -0.0022543420
       -0.0016672260
       -0.0012208640
       -0.0010805290
       -0.0010814650
       -0.0010509280
       -0.0009298588
       -0.0006473431
       -0.0003880427
       -0.0001367367
        0.0001792713
        0.0004702142
        0.0004226794
       -0.0001747563
       -0.0009046359
       -0.0013440130
       -0.0014778280
       -0.0014827400
       -0.0015124860
       -0.0014992820
       -0.0013531730
       -0.0010027550
       -0.0007030076
       -0.0005790296
       -0.0006346240
       -0.0004508614
       -0.0001140746
        0.0000520369
       -0.0003027780
       -0.0007833785
       -0.0008449993
       -0.0003954556
        0.0002175392
        0.0004224683
        0.0002644127
        0.0000484828
       -0.0001244388
       -0.0002882856
       -0.0006418596
       -0.0010386770
       -0.0009770611
       -0.0003854576
        0.0005041218
        0.0012916690
        0.0017043220
        0.0017369130
        0.0015069300
        0.0011599470
        0.0006421233
        0.0000195296
       -0.0004298751
       -0.0005888131
       -0.0006613586
       -0.0008261107
       -0.0010919700
       -0.0012836760
       -0.0012732110
       -0.0008533278
       -0.0000034663
        0.0008498457
        0.0012979480
        0.0011575250
        0.0008162940
        0.0005098601
        0.0004172867
        0.0004299540
        0.0005392689
        0.0007179322
        0.0009409752
        0.0010409080
        0.0009687874
        0.0008378836
        0.0007668261
        0.0008500552
        0.0009601395
        0.0011046250
        0.0012539130
        0.0014419370
        0.0016099810
        0.0016293370
        0.0015606760
        0.0015223650
        0.0014803120
        0.0014045500
        0.0013326100
        0.0013263230
        0.0014232210
        0.0014866300
        0.0014698810
        0.0013812510
        0.0013623110
        0.0014301600
        0.0015440390
        0.0016149340
        0.0016403420
        0.0015966580
        0.0014399590
        0.0011839800
        0.0009334694
        0.0007895082
        0.0007674893
        0.0008268814
        0.0008864956
        0.0008771004
        0.0007881215
        0.0006621550
        0.0005602494
        0.0005316041
        0.0005359219
        0.0005787697
        0.0006062878
        0.0006014741
        0.0005667795
        0.0005030368
        0.0004615442
        0.0004427714
        0.0004668415
        0.0005049075
        0.0005257119
        0.0005341147
        0.0005263693
        0.0004882770
        0.0004442353
        0.0004060750
        0.0004012468
        0.0004083108
        0.0004004458
        0.0003613001
        0.0003086010
        0.0002775718
        0.0002632254
        0.0002513874
        0.0002526278
        0.0002741883
        0.0002871882
        0.0002799412
        0.0002483680
        0.0002137708
        0.0001939645
        0.0001875055
        0.0001933931
        0.0002045277
        0.0002059757
        0.0001954761
        0.0001704977
        0.0001453538
        0.0001300940
        0.0001311715
        0.0001373769
        0.0001377280
        0.0001258158
        0.0001058565
        0.0000856082
        0.0000700455
        0.0000592687
        0.0000537672
        0.0000501972
        0.0000466346
        0.0000414028
        0.0000354246
        0.0000303807
        0.0000293280
        0.0000292542
        0.0000277042
        0.0000227087
        0.0000154475
        0.0000071386
       -0.0000011510
       -0.0000071243
       -0.0000111587
       -0.0000136409
       -0.0000158029
       -0.0000182039
       -0.0000210885
       -0.0000244093
       -0.0000277171
       -0.0000310012
       -0.0000341525
       -0.0000377079
       -0.0000415700
       -0.0000457050
       -0.0000497878
       -0.0000536113
       -0.0000569947
       -0.0000601470
       -0.0000630744
       -0.0000657917
       -0.0000685476
       -0.0000713237
       -0.0000740656
       -0.0000766768
       -0.0000791203
       -0.0000814729
       -0.0000837431
       -0.0000859882
       -0.0000882004
       -0.0000903747
       -0.0000924780
       -0.0000945127
       -0.0000964908
       -0.0000984238
       -0.0001003163
       -0.0001021714
       -0.0001039891
       -0.0001057711
       -0.0001075167
       -0.0001092264
       -0.0001109005
       -0.0001125391
       -0.0001141419
       -0.0001157090
